          ----- ----- | --------- --------- |
            cls ttcls |      time  tot time |
    0.000     1     1 |    0.0020    0.0020 |
    0.975    15    16 |    0.0232    0.0252 |
    1.950    15    31 |    0.0233    0.0484 |
    2.925    15    46 |    0.0235    0.0719 |
    3.900    15    61 |    0.0234    0.0953 |
    4.875    15    76 |    0.0232    0.1185 |
    5.850    15    91 |    0.0233    0.1418 |
    6.825    15   106 |    0.0233    0.1651 |
    7.800    15   121 |    0.0240    0.1891 |
    8.775    15   136 |    0.0236    0.2127 |
    9.750    15   151 |    0.0243    0.2370 |
   10.725    15   166 |    0.0241    0.2611 |
   11.700    15   181 |    0.0234    0.2845 |
   12.675    15   196 |    0.0234    0.3079 |
   13.650    15   211 |    0.0235    0.3314 |
   14.625    15   226 |    0.0244    0.3558 |
   15.600    15   241 |    0.0240    0.3798 |
   16.575    15   256 |    0.0238    0.4036 |
   17.550    15   271 |    0.0242    0.4278 |
   18.525    15   286 |    0.0236    0.4514 |
   19.500    15   301 |    0.0233    0.4748 |
   20.475    15   316 |    0.0234    0.4982 |
   21.450    15   331 |    0.0241    0.5223 |
   22.425    15   346 |    0.0235    0.5457 |
   23.400    15   361 |    0.0239    0.5696 |
   24.375    15   376 |    0.0238    0.5934 |
   25.350    15   391 |    0.0250    0.6184 |
   26.325    15   406 |    0.0244    0.6428 |
   27.300    15   421 |    0.0243    0.6671 |
   28.275    15   436 |    0.0244    0.6915 |
   29.250    15   451 |    0.0239    0.7154 |
   30.225    15   466 |    0.0240    0.7395 |
   31.200    15   481 |    0.0242    0.7636 |
   32.175    15   496 |    0.0239    0.7875 |
   33.150    15   511 |    0.0237    0.8112 |
   34.125    15   526 |    0.0244    0.8355 |
   35.100    15   541 |    0.0240    0.8595 |
   36.075    15   556 |    0.0237    0.8832 |
   37.050    15   571 |    0.0236    0.9068 |
   38.025    15   586 |    0.0241    0.9308 |
   39.000    15   601 |    0.0239    0.9547 |
   39.975    15   616 |    0.0237    0.9784 |
   40.950    15   631 |    0.0236    1.0020 |
   41.925    15   646 |    0.0238    1.0258 |
   42.900    15   661 |    0.0241    1.0498 |
   43.875    15   676 |    0.0234    1.0732 |
   44.850    15   691 |    0.0239    1.0972 |
   45.825    15   706 |    0.0241    1.1213 |
   46.800    15   721 |    0.0240    1.1453 |
   47.775    15   736 |    0.0235    1.1688 |
   48.750    15   751 |    0.0235    1.1923 |
   49.725    15   766 |    0.0238    1.2161 |
   50.700    15   781 |    0.0229    1.2390 |
   51.675    15   796 |    0.0226    1.2616 |
   52.650    15   811 |    0.0228    1.2844 |
   53.625    15   826 |    0.0206    1.3050 |
   54.600    15   841 |    0.0207    1.3257 |
   55.575    15   856 |    0.0198    1.3455 |
   56.550    15   871 |    0.0192    1.3647 |
   57.525    15   886 |    0.0190    1.3837 |
   58.500    15   901 |    0.0187    1.4024 |
   59.475    15   916 |    0.0186    1.4210 |
   60.450    15   931 |    0.0182    1.4392 |
   61.425    15   946 |    0.0181    1.4573 |
   62.400    15   961 |    0.0178    1.4751 |
   63.375    15   976 |    0.0177    1.4928 |
   64.350    15   991 |    0.0174    1.5102 |
   65.325    15  1006 |    0.0173    1.5275 |
   66.300    15  1021 |    0.0171    1.5445 |
   67.275    15  1036 |    0.0170    1.5615 |
   68.250    15  1051 |    0.0169    1.5784 |
   69.225    15  1066 |    0.0168    1.5952 |
   70.200    15  1081 |    0.0165    1.6117 |
   71.175    15  1096 |    0.0164    1.6280 |
   72.150    15  1111 |    0.0163    1.6444 |
   73.125    15  1126 |    0.0159    1.6603 |
   74.100    15  1141 |    0.0159    1.6762 |
   75.075    15  1156 |    0.0159    1.6921 |
   76.050    15  1171 |    0.0160    1.7082 |
   77.025    15  1186 |    0.0160    1.7242 |
   78.000    15  1201 |    0.0160    1.7402 |
   78.975    15  1216 |    0.0160    1.7562 |
   79.950    15  1231 |    0.0160    1.7722 |
   80.925    15  1246 |    0.0159    1.7881 |
   81.900    15  1261 |    0.0159    1.8040 |
   82.875    15  1276 |    0.0161    1.8200 |
   83.850    15  1291 |    0.0161    1.8362 |
   84.825    15  1306 |    0.0161    1.8523 |
   85.800    15  1321 |    0.0160    1.8682 |
   86.775    15  1336 |    0.0159    1.8841 |
   87.750    15  1351 |    0.0160    1.9001 |
   88.725    15  1366 |    0.0160    1.9161 |
   89.700    15  1381 |    0.0159    1.9320 |
   90.675    15  1396 |    0.0159    1.9480 |
   91.650    15  1411 |    0.0161    1.9641 |
   92.625    15  1426 |    0.0163    1.9804 |
   93.600    15  1441 |    0.0162    1.9966 |
   94.575    15  1456 |    0.0168    2.0134 |
   95.550    15  1471 |    0.0160    2.0294 |
   96.525    15  1486 |    0.0160    2.0454 |
   97.500    15  1501 |    0.0159    2.0613 |
   98.475    15  1516 |    0.0159    2.0773 |
   99.450    15  1531 |    0.0161    2.0934 |
  100.425    15  1546 |    0.0160    2.1094 |
  101.400    15  1561 |    0.0160    2.1254 |
  102.375    15  1576 |    0.0160    2.1413 |
  103.350    15  1591 |    0.0160    2.1574 |
  104.325    15  1606 |    0.0159    2.1733 |
  105.300    15  1621 |    0.0159    2.1893 |
  106.275    15  1636 |    0.0159    2.2052 |
  107.250    15  1651 |    0.0160    2.2212 |
  108.225    15  1666 |    0.0159    2.2371 |
  109.200    15  1681 |    0.0159    2.2530 |
  110.175    15  1696 |    0.0160    2.2690 |
  111.150    15  1711 |    0.0160    2.2851 |
  112.125    15  1726 |    0.0159    2.3010 |
  113.100    15  1741 |    0.0160    2.3170 |
  114.075    15  1756 |    0.0162    2.3331 |
  115.050    15  1771 |    0.0165    2.3496 |
  116.025    15  1786 |    0.0166    2.3661 |
  117.000    15  1801 |    0.0162    2.3823 |
  117.975    15  1816 |    0.0164    2.3987 |
  118.950    15  1831 |    0.0162    2.4148 |
  119.925    15  1846 |    0.0162    2.4310 |
  120.900    15  1861 |    0.0160    2.4470 |
  121.875    15  1876 |    0.0160    2.4630 |
  122.850    15  1891 |    0.0163    2.4793 |
  123.825    15  1906 |    0.0165    2.4958 |
  124.800    15  1921 |    0.0164    2.5122 |
  125.775    15  1936 |    0.0160    2.5283 |
  126.750    15  1951 |    0.0160    2.5442 |
  127.725    15  1966 |    0.0161    2.5603 |
  128.700    15  1981 |    0.0160    2.5763 |
  129.675    15  1996 |    0.0159    2.5923 |
  130.650    15  2011 |    0.0160    2.6082 |
  131.625    15  2026 |    0.0160    2.6242 |
  132.600    15  2041 |    0.0159    2.6401 |
  133.575    15  2056 |    0.0159    2.6560 |
  134.550    15  2071 |    0.0159    2.6718 |
  135.525    15  2086 |    0.0161    2.6879 |
  136.500    15  2101 |    0.0159    2.7038 |
  137.475    15  2116 |    0.0159    2.7197 |
  138.450    15  2131 |    0.0161    2.7357 |
  139.425    15  2146 |    0.0159    2.7516 |
  140.400    15  2161 |    0.0159    2.7675 |
  141.375    15  2176 |    0.0159    2.7835 |
  142.350    15  2191 |    0.0160    2.7994 |
  143.325    15  2206 |    0.0159    2.8154 |
  144.300    15  2221 |    0.0160    2.8314 |
  145.275    15  2236 |    0.0160    2.8474 |
  146.250    15  2251 |    0.0159    2.8633 |
  147.225    15  2266 |    0.0165    2.8797 |
  148.200    15  2281 |    0.0164    2.8962 |
  149.175    15  2296 |    0.0160    2.9122 |
  150.150    15  2311 |    0.0159    2.9281 |
  151.125    15  2326 |    0.0159    2.9440 |
  152.100    15  2341 |    0.0160    2.9600 |
  153.075    15  2356 |    0.0159    2.9758 |
  154.050    15  2371 |    0.0161    2.9919 |
  155.025    15  2386 |    0.0160    3.0079 |
  156.000    15  2401 |    0.0162    3.0240 |
  156.975    15  2416 |    0.0159    3.0399 |
  157.950    15  2431 |    0.0160    3.0559 |
  158.925    15  2446 |    0.0160    3.0718 |
  159.900    15  2461 |    0.0163    3.0881 |
  160.875    15  2476 |    0.0164    3.1045 |
  161.850    15  2491 |    0.0159    3.1204 |
  162.825    15  2506 |    0.0159    3.1363 |
  163.800    15  2521 |    0.0159    3.1522 |
  164.775    15  2536 |    0.0159    3.1682 |
  165.750    15  2551 |    0.0160    3.1842 |
  166.725    15  2566 |    0.0167    3.2009 |
  167.700    15  2581 |    0.0164    3.2173 |
  168.675    15  2596 |    0.0162    3.2335 |
  169.650    15  2611 |    0.0162    3.2497 |
  170.625    15  2626 |    0.0160    3.2658 |
  171.600    15  2641 |    0.0164    3.2821 |
  172.575    15  2656 |    0.0161    3.2983 |
  173.550    15  2671 |    0.0163    3.3146 |
  174.525    15  2686 |    0.0160    3.3306 |
  175.500    15  2701 |    0.0162    3.3468 |
  176.475    15  2716 |    0.0160    3.3628 |
  177.450    15  2731 |    0.0161    3.3790 |
  178.425    15  2746 |    0.0162    3.3952 |
  179.400    15  2761 |    0.0161    3.4113 |
  180.375    15  2776 |    0.0162    3.4275 |
  181.350    15  2791 |    0.0160    3.4435 |
  182.325    15  2806 |    0.0161    3.4595 |
  183.300    15  2821 |    0.0160    3.4756 |
  184.275    15  2836 |    0.0160    3.4916 |
  185.250    15  2851 |    0.0162    3.5078 |
  186.225    15  2866 |    0.0164    3.5242 |
  187.200    15  2881 |    0.0162    3.5404 |
  188.175    15  2896 |    0.0160    3.5564 |
  189.150    15  2911 |    0.0160    3.5725 |
  190.125    15  2926 |    0.0161    3.5885 |
  191.100    15  2941 |    0.0161    3.6046 |
  192.075    15  2956 |    0.0161    3.6207 |
  193.050    15  2971 |    0.0162    3.6370 |
  194.025    15  2986 |    0.0161    3.6531 |
  195.000    15  3001 |    0.0161    3.6692 |
  195.975    15  3016 |    0.0162    3.6854 |
  196.950    15  3031 |    0.0161    3.7016 |
  197.925    15  3046 |    0.0166    3.7181 |
  198.900    15  3061 |    0.0167    3.7349 |
  199.875    15  3076 |    0.0186    3.7535 |
  200.850    15  3091 |    0.0162    3.7698 |
  201.825    15  3106 |    0.0161    3.7859 |
  202.800    15  3121 |    0.0162    3.8021 |
  203.775    15  3136 |    0.0168    3.8190 |
  204.750    15  3151 |    0.0168    3.8358 |
  205.725    15  3166 |    0.0164    3.8522 |
  206.700    15  3181 |    0.0162    3.8685 |
  207.675    15  3196 |    0.0163    3.8848 |
  208.650    15  3211 |    0.0162    3.9010 |
  209.625    15  3226 |    0.0164    3.9174 |
  210.600    15  3241 |    0.0166    3.9340 |
  211.575    15  3256 |    0.0161    3.9502 |
  212.550    15  3271 |    0.0160    3.9662 |
  213.525    15  3286 |    0.0161    3.9823 |
  214.500    15  3301 |    0.0165    3.9988 |
  215.475    15  3316 |    0.0165    4.0153 |
  216.450    15  3331 |    0.0161    4.0313 |
  217.425    15  3346 |    0.0164    4.0478 |
  218.400    15  3361 |    0.0162    4.0639 |
  219.375    15  3376 |    0.0166    4.0805 |
  220.350    15  3391 |    0.0163    4.0967 |
  221.325    15  3406 |    0.0163    4.1130 |
  222.300    15  3421 |    0.0164    4.1294 |
  223.275    15  3436 |    0.0165    4.1459 |
  224.250    15  3451 |    0.0166    4.1625 |
  225.225    15  3466 |    0.0162    4.1788 |
  226.200    15  3481 |    0.0164    4.1951 |
  227.175    15  3496 |    0.0162    4.2113 |
  228.150    15  3511 |    0.0164    4.2277 |
  229.125    15  3526 |    0.0164    4.2441 |
  230.100    15  3541 |    0.0162    4.2603 |
  231.075    15  3556 |    0.0165    4.2769 |
  232.050    15  3571 |    0.0166    4.2935 |
  233.025    15  3586 |    0.0162    4.3097 |
  234.000    15  3601 |    0.0163    4.3260 |
  234.975    15  3616 |    0.0163    4.3423 |
  235.950    15  3631 |    0.0165    4.3587 |
  236.925    15  3646 |    0.0163    4.3750 |
  237.900    15  3661 |    0.0161    4.3911 |
  238.875    15  3676 |    0.0164    4.4075 |
  239.850    15  3691 |    0.0163    4.4237 |
  240.825    15  3706 |    0.0164    4.4402 |
  241.800    15  3721 |    0.0164    4.4566 |
  242.775    15  3736 |    0.0163    4.4729 |
  243.750    15  3751 |    0.0165    4.4894 |
  244.725    15  3766 |    0.0163    4.5057 |
  245.700    15  3781 |    0.0163    4.5221 |
  246.675    15  3796 |    0.0163    4.5383 |
  247.650    15  3811 |    0.0164    4.5547 |
  248.625    15  3826 |    0.0162    4.5709 |
  249.600    15  3841 |    0.0161    4.5870 |
  250.575    15  3856 |    0.0162    4.6032 |
  251.550    15  3871 |    0.0164    4.6196 |
  252.525    15  3886 |    0.0162    4.6358 |
  253.500    15  3901 |    0.0161    4.6518 |
  254.475    15  3916 |    0.0162    4.6680 |
  255.450    15  3931 |    0.0163    4.6843 |
  256.425    15  3946 |    0.0163    4.7005 |
  257.400    15  3961 |    0.0163    4.7168 |
  258.375    15  3976 |    0.0163    4.7331 |
  259.350    15  3991 |    0.0164    4.7496 |
  260.325    15  4006 |    0.0164    4.7660 |
  261.300    15  4021 |    0.0164    4.7823 |
  262.275    15  4036 |    0.0166    4.7989 |
  263.250    15  4051 |    0.0166    4.8155 |
  264.225    15  4066 |    0.0165    4.8320 |
  265.200    15  4081 |    0.0165    4.8485 |
  266.175    15  4096 |    0.0167    4.8651 |
  267.150    15  4111 |    0.0163    4.8815 |
  268.125    15  4126 |    0.0161    4.8976 |
  269.100    15  4141 |    0.0162    4.9138 |
  270.075    15  4156 |    0.0164    4.9303 |
  271.050    15  4171 |    0.0161    4.9463 |
  272.025    15  4186 |    0.0166    4.9629 |
  273.000    15  4201 |    0.0164    4.9793 |
  273.975    15  4216 |    0.0165    4.9959 |
  274.950    15  4231 |    0.0167    5.0126 |
  275.925    15  4246 |    0.0163    5.0288 |
  276.900    15  4261 |    0.0166    5.0455 |
  277.875    15  4276 |    0.0168    5.0623 |
  278.850    15  4291 |    0.0162    5.0785 |
  279.825    15  4306 |    0.0165    5.0950 |
  280.800    15  4321 |    0.0163    5.1113 |
  281.775    15  4336 |    0.0161    5.1273 |
  282.750    15  4351 |    0.0162    5.1436 |
  283.725    15  4366 |    0.0165    5.1600 |
  284.700    15  4381 |    0.0165    5.1766 |
  285.675    15  4396 |    0.0164    5.1930 |
  286.650    15  4411 |    0.0163    5.2092 |
  287.625    15  4426 |    0.0163    5.2256 |
  288.600    15  4441 |    0.0163    5.2419 |
  289.575    15  4456 |    0.0163    5.2582 |
  290.550    15  4471 |    0.0163    5.2745 |
  291.525    15  4486 |    0.0166    5.2911 |
  292.500    15  4501 |    0.0163    5.3074 |
  293.475    15  4516 |    0.0164    5.3237 |
  294.450    15  4531 |    0.0168    5.3405 |
  295.425    15  4546 |    0.0161    5.3566 |
  296.400    15  4561 |    0.0162    5.3729 |
  297.375    15  4576 |    0.0165    5.3893 |
  298.350    15  4591 |    0.0164    5.4057 |
  299.325    15  4606 |    0.0164    5.4221 |
  300.300    15  4621 |    0.0163    5.4384 |
  301.275    15  4636 |    0.0160    5.4544 |
  302.250    15  4651 |    0.0162    5.4706 |
  303.225    15  4666 |    0.0164    5.4870 |
  304.200    15  4681 |    0.0164    5.5034 |
  305.175    15  4696 |    0.0165    5.5199 |
  306.150    15  4711 |    0.0164    5.5363 |
  307.125    15  4726 |    0.0164    5.5527 |
  308.100    15  4741 |    0.0162    5.5690 |
  309.075    15  4756 |    0.0164    5.5854 |
  310.050    15  4771 |    0.0165    5.6019 |
  311.025    15  4786 |    0.0165    5.6184 |
  312.000    15  4801 |    0.0163    5.6347 |
  312.975    15  4816 |    0.0162    5.6509 |
  313.950    15  4831 |    0.0164    5.6672 |
  314.925    15  4846 |    0.0167    5.6840 |
  315.900    15  4861 |    0.0164    5.7003 |
  316.875    15  4876 |    0.0165    5.7168 |
  317.850    15  4891 |    0.0164    5.7331 |
  318.825    15  4906 |    0.0163    5.7495 |
  319.800    15  4921 |    0.0162    5.7657 |
  320.775    15  4936 |    0.0162    5.7819 |
  321.750    15  4951 |    0.0165    5.7983 |
  322.725    15  4966 |    0.0167    5.8150 |
  323.700    15  4981 |    0.0165    5.8315 |
  324.675    15  4996 |    0.0165    5.8480 |
  325.650    15  5011 |    0.0162    5.8641 |
  326.625    15  5026 |    0.0162    5.8804 |
  327.600    15  5041 |    0.0161    5.8965 |
  328.575    15  5056 |    0.0162    5.9127 |
  329.550    15  5071 |    0.0165    5.9292 |
  330.525    15  5086 |    0.0161    5.9453 |
  331.500    15  5101 |    0.0161    5.9614 |
  332.475    15  5116 |    0.0168    5.9782 |
  333.450    15  5131 |    0.0165    5.9947 |
  334.425    15  5146 |    0.0163    6.0110 |
  335.400    15  5161 |    0.0167    6.0277 |
  336.375    15  5176 |    0.0167    6.0444 |
  337.350    15  5191 |    0.0172    6.0616 |
  338.325    15  5206 |    0.0173    6.0789 |
  339.300    15  5221 |    0.0165    6.0954 |
  340.275    15  5236 |    0.0162    6.1116 |
  341.250    15  5251 |    0.0162    6.1278 |
  342.225    15  5266 |    0.0164    6.1442 |
  343.200    15  5281 |    0.0165    6.1606 |
  344.175    15  5296 |    0.0164    6.1770 |
  345.150    15  5311 |    0.0170    6.1940 |
  346.125    15  5326 |    0.0163    6.2103 |
  347.100    15  5341 |    0.0160    6.2263 |
  348.075    15  5356 |    0.0166    6.2429 |
  349.050    15  5371 |    0.0169    6.2598 |
  350.025    15  5386 |    0.0164    6.2762 |
  351.000    15  5401 |    0.0163    6.2925 |
  351.975    15  5416 |    0.0161    6.3085 |
  352.950    15  5431 |    0.0161    6.3246 |
  353.925    15  5446 |    0.0160    6.3406 |
  354.900    15  5461 |    0.0160    6.3566 |
  355.875    15  5476 |    0.0160    6.3726 |
  356.850    15  5491 |    0.0160    6.3886 |
  357.825    15  5506 |    0.0159    6.4045 |
  358.800    15  5521 |    0.0159    6.4204 |
  359.775    15  5536 |    0.0159    6.4363 |
  360.750    15  5551 |    0.0161    6.4524 |
  361.725    15  5566 |    0.0159    6.4683 |
  362.700    15  5581 |    0.0160    6.4843 |
  363.675    15  5596 |    0.0162    6.5005 |
  364.650    15  5611 |    0.0161    6.5166 |
  365.625    15  5626 |    0.0160    6.5325 |
  366.600    15  5641 |    0.0160    6.5485 |
  367.575    15  5656 |    0.0160    6.5645 |
  368.550    15  5671 |    0.0159    6.5804 |
  369.525    15  5686 |    0.0159    6.5963 |
  370.500    15  5701 |    0.0160    6.6123 |
  371.475    15  5716 |    0.0163    6.6286 |
  372.450    15  5731 |    0.0162    6.6448 |
  373.425    15  5746 |    0.0162    6.6610 |
  374.400    15  5761 |    0.0160    6.6769 |
  375.375    15  5776 |    0.0159    6.6929 |
  376.350    15  5791 |    0.0161    6.7090 |
  377.325    15  5806 |    0.0161    6.7251 |
  378.300    15  5821 |    0.0161    6.7411 |
  379.275    15  5836 |    0.0163    6.7574 |
  380.250    15  5851 |    0.0160    6.7734 |
  381.225    15  5866 |    0.0162    6.7896 |
  382.200    15  5881 |    0.0161    6.8057 |
  383.175    15  5896 |    0.0161    6.8218 |
  384.150    15  5911 |    0.0162    6.8380 |
  385.125    15  5926 |    0.0163    6.8543 |
  386.100    15  5941 |    0.0167    6.8710 |
  387.075    15  5956 |    0.0165    6.8875 |
  388.050    15  5971 |    0.0162    6.9038 |
  389.025    15  5986 |    0.0162    6.9200 |
  390.000    15  6001 |    0.0162    6.9362 |
  390.975    15  6016 |    0.0165    6.9526 |
  391.950    15  6031 |    0.0164    6.9690 |
  392.925    15  6046 |    0.0163    6.9853 |
  393.900    15  6061 |    0.0161    7.0014 |
  394.875    15  6076 |    0.0162    7.0176 |
  395.850    15  6091 |    0.0164    7.0340 |
  396.825    15  6106 |    0.0164    7.0503 |
  397.800    15  6121 |    0.0166    7.0670 |
  398.775    15  6136 |    0.0165    7.0835 |
  399.750    15  6151 |    0.0162    7.0997 |
  400.725    15  6166 |    0.0166    7.1163 |
  401.700    15  6181 |    0.0165    7.1327 |
  402.675    15  6196 |    0.0163    7.1491 |
  403.650    15  6211 |    0.0165    7.1655 |
  404.625    15  6226 |    0.0162    7.1817 |
  405.600    15  6241 |    0.0164    7.1981 |
  406.575    15  6256 |    0.0168    7.2148 |
  407.550    15  6271 |    0.0164    7.2312 |
  408.525    15  6286 |    0.0164    7.2476 |
  409.500    15  6301 |    0.0162    7.2639 |
  410.475    15  6316 |    0.0163    7.2802 |
  411.450    15  6331 |    0.0162    7.2964 |
  412.425    15  6346 |    0.0161    7.3125 |
  413.400    15  6361 |    0.0161    7.3286 |
  414.375    15  6376 |    0.0161    7.3447 |
  415.350    15  6391 |    0.0161    7.3608 |
  416.325    15  6406 |    0.0164    7.3773 |
  417.300    15  6421 |    0.0161    7.3934 |
  418.275    15  6436 |    0.0160    7.4094 |
  419.250    15  6451 |    0.0163    7.4257 |
  420.225    15  6466 |    0.0164    7.4421 |
  421.200    15  6481 |    0.0163    7.4584 |
  422.175    15  6496 |    0.0162    7.4747 |
  423.150    15  6511 |    0.0166    7.4913 |
  424.125    15  6526 |    0.0165    7.5078 |
  425.100    15  6541 |    0.0165    7.5243 |
  426.075    15  6556 |    0.0163    7.5406 |
  427.050    15  6571 |    0.0163    7.5568 |
  428.025    15  6586 |    0.0162    7.5730 |
  429.000    15  6601 |    0.0161    7.5892 |
  429.975    15  6616 |    0.0166    7.6057 |
  430.950    15  6631 |    0.0165    7.6222 |
  431.925    15  6646 |    0.0165    7.6387 |
  432.900    15  6661 |    0.0165    7.6552 |
  433.875    15  6676 |    0.0164    7.6716 |
  434.850    15  6691 |    0.0163    7.6879 |
  435.825    15  6706 |    0.0165    7.7044 |
  436.800    15  6721 |    0.0165    7.7209 |
  437.775    15  6736 |    0.0163    7.7372 |
  438.750    15  6751 |    0.0162    7.7534 |
  439.725    15  6766 |    0.0161    7.7695 |
  440.700    15  6781 |    0.0165    7.7860 |
  441.675    15  6796 |    0.0163    7.8024 |
  442.650    15  6811 |    0.0165    7.8188 |
  443.625    15  6826 |    0.0162    7.8350 |
  444.600    15  6841 |    0.0165    7.8515 |
  445.575    15  6856 |    0.0163    7.8679 |
  446.550    15  6871 |    0.0163    7.8841 |
  447.525    15  6886 |    0.0162    7.9003 |
  448.500    15  6901 |    0.0166    7.9169 |
  449.475    15  6916 |    0.0164    7.9334 |
  450.450    15  6931 |    0.0161    7.9495 |
  451.425    15  6946 |    0.0160    7.9655 |
  452.400    15  6961 |    0.0164    7.9819 |
  453.375    15  6976 |    0.0163    7.9981 |
  454.350    15  6991 |    0.0161    8.0142 |
  455.325    15  7006 |    0.0161    8.0303 |
  456.300    15  7021 |    0.0163    8.0465 |
  457.275    15  7036 |    0.0164    8.0629 |
  458.250    15  7051 |    0.0162    8.0791 |
  459.225    15  7066 |    0.0163    8.0955 |
  460.200    15  7081 |    0.0163    8.1118 |
  461.175    15  7096 |    0.0164    8.1282 |
  462.150    15  7111 |    0.0163    8.1445 |
  463.125    15  7126 |    0.0164    8.1609 |
  464.100    15  7141 |    0.0163    8.1772 |
  465.075    15  7156 |    0.0162    8.1934 |
  466.050    15  7171 |    0.0162    8.2097 |
  467.025    15  7186 |    0.0164    8.2260 |
  468.000    15  7201 |    0.0163    8.2424 |
  468.975    15  7216 |    0.0162    8.2585 |
  469.950    15  7231 |    0.0162    8.2747 |
  470.925    15  7246 |    0.0162    8.2909 |
  471.900    15  7261 |    0.0163    8.3072 |
  472.875    15  7276 |    0.0164    8.3236 |
  473.850    15  7291 |    0.0161    8.3397 |
  474.825    15  7306 |    0.0162    8.3558 |
  475.800    15  7321 |    0.0164    8.3722 |
  476.775    15  7336 |    0.0165    8.3887 |
  477.750    15  7351 |    0.0165    8.4051 |
  478.725    15  7366 |    0.0162    8.4214 |
  479.700    15  7381 |    0.0165    8.4379 |
  480.675    15  7396 |    0.0164    8.4542 |
  481.650    15  7411 |    0.0163    8.4706 |
  482.625    15  7426 |    0.0163    8.4869 |
  483.600    15  7441 |    0.0163    8.5032 |
  484.575    15  7456 |    0.0163    8.5195 |
  485.550    15  7471 |    0.0166    8.5361 |
  486.525    15  7486 |    0.0161    8.5522 |
  487.500    15  7501 |    0.0161    8.5683 |
  488.475    15  7516 |    0.0163    8.5846 |
  489.450    15  7531 |    0.0163    8.6009 |
  490.425    15  7546 |    0.0160    8.6169 |
  491.400    15  7561 |    0.0160    8.6329 |
  492.375    15  7576 |    0.0164    8.6493 |
  493.350    15  7591 |    0.0166    8.6659 |
  494.325    15  7606 |    0.0164    8.6822 |
  495.300    15  7621 |    0.0164    8.6986 |
  496.275    15  7636 |    0.0163    8.7149 |
  497.250    15  7651 |    0.0165    8.7314 |
  498.225    15  7666 |    0.0163    8.7477 |
  499.200    15  7681 |    0.0161    8.7639 |
  500.175    15  7696 |    0.0166    8.7804 |
  501.150    15  7711 |    0.0164    8.7968 |
  502.125    15  7726 |    0.0161    8.8129 |
  503.100    15  7741 |    0.0160    8.8289 |
  504.075    15  7756 |    0.0164    8.8453 |
  505.050    15  7771 |    0.0164    8.8617 |
  506.025    15  7786 |    0.0159    8.8776 |
  507.000    15  7801 |    0.0161    8.8937 |
  507.975    15  7816 |    0.0164    8.9102 |
  508.950    15  7831 |    0.0166    8.9267 |
  509.925    15  7846 |    0.0162    8.9430 |
  510.900    15  7861 |    0.0163    8.9592 |
  511.875    15  7876 |    0.0162    8.9755 |
  512.850    15  7891 |    0.0162    8.9916 |
  513.825    15  7906 |    0.0162    9.0078 |
  514.800    15  7921 |    0.0164    9.0242 |
  515.775    15  7936 |    0.0163    9.0405 |
  516.750    15  7951 |    0.0163    9.0568 |
  517.725    15  7966 |    0.0165    9.0732 |
  518.700    15  7981 |    0.0163    9.0896 |
  519.675    15  7996 |    0.0164    9.1060 |
  520.650    15  8011 |    0.0162    9.1222 |
  521.625    15  8026 |    0.0162    9.1384 |
  522.600    15  8041 |    0.0163    9.1547 |
  523.575    15  8056 |    0.0162    9.1709 |
  524.550    15  8071 |    0.0163    9.1872 |
  525.525    15  8086 |    0.0162    9.2034 |
  526.500    15  8101 |    0.0164    9.2199 |
  527.475    15  8116 |    0.0162    9.2361 |
  528.450    15  8131 |    0.0164    9.2525 |
  529.425    15  8146 |    0.0165    9.2690 |
  530.400    15  8161 |    0.0164    9.2854 |
  531.375    15  8176 |    0.0166    9.3020 |
  532.350    15  8191 |    0.0165    9.3184 |
  533.325    15  8206 |    0.0164    9.3348 |
  534.300    15  8221 |    0.0167    9.3515 |
  535.275    15  8236 |    0.0165    9.3680 |
  536.250    15  8251 |    0.0164    9.3844 |
  537.225    15  8266 |    0.0165    9.4009 |
  538.200    15  8281 |    0.0160    9.4170 |
  539.175    15  8296 |    0.0162    9.4332 |
  540.150    15  8311 |    0.0165    9.4496 |
  541.125    15  8326 |    0.0163    9.4659 |
  542.100    15  8341 |    0.0162    9.4821 |
  543.075    15  8356 |    0.0160    9.4981 |
  544.050    15  8371 |    0.0160    9.5141 |
  545.025    15  8386 |    0.0163    9.5304 |
  546.000    15  8401 |    0.0162    9.5466 |
  546.975    15  8416 |    0.0161    9.5627 |
  547.950    15  8431 |    0.0163    9.5790 |
  548.925    15  8446 |    0.0165    9.5955 |
  549.900    15  8461 |    0.0167    9.6122 |
  550.875    15  8476 |    0.0163    9.6285 |
  551.850    15  8491 |    0.0162    9.6447 |
  552.825    15  8506 |    0.0163    9.6610 |
  553.800    15  8521 |    0.0165    9.6775 |
  554.775    15  8536 |    0.0164    9.6939 |
  555.750    15  8551 |    0.0164    9.7103 |
  556.725    15  8566 |    0.0163    9.7266 |
  557.700    15  8581 |    0.0164    9.7430 |
  558.675    15  8596 |    0.0164    9.7594 |
  559.650    15  8611 |    0.0164    9.7758 |
  560.625    15  8626 |    0.0162    9.7920 |
  561.600    15  8641 |    0.0164    9.8084 |
  562.575    15  8656 |    0.0164    9.8248 |
  563.550    15  8671 |    0.0160    9.8408 |
  564.525    15  8686 |    0.0161    9.8569 |
  565.500    15  8701 |    0.0164    9.8733 |
  566.475    15  8716 |    0.0163    9.8896 |
  567.450    15  8731 |    0.0162    9.9059 |
  568.425    15  8746 |    0.0160    9.9219 |
  569.400    15  8761 |    0.0169    9.9388 |
  570.375    15  8776 |    0.0162    9.9550 |
  571.350    15  8791 |    0.0161    9.9711 |
  572.325    15  8806 |    0.0160    9.9871 |
  573.300    15  8821 |    0.0163   10.0034 |
  574.275    15  8836 |    0.0165   10.0199 |
  575.250    15  8851 |    0.0164   10.0362 |
  576.225    15  8866 |    0.0170   10.0533 |
  577.200    15  8881 |    0.0180   10.0713 |
  578.175    15  8896 |    0.0165   10.0878 |
  579.150    15  8911 |    0.0163   10.1041 |
  580.125    15  8926 |    0.0168   10.1209 |
  581.100    15  8941 |    0.0165   10.1375 |
  582.075    15  8956 |    0.0170   10.1544 |
  583.050    15  8971 |    0.0164   10.1708 |
  584.025    15  8986 |    0.0162   10.1871 |
  585.000    15  9001 |    0.0165   10.2035 |
  585.975    15  9016 |    0.0168   10.2203 |
  586.950    15  9031 |    0.0169   10.2372 |
  587.925    15  9046 |    0.0165   10.2537 |
  588.900    15  9061 |    0.0167   10.2704 |
  589.875    15  9076 |    0.0166   10.2870 |
  590.850    15  9091 |    0.0163   10.3033 |
  591.825    15  9106 |    0.0168   10.3202 |
  592.800    15  9121 |    0.0172   10.3374 |
  593.775    15  9136 |    0.0164   10.3538 |
  594.750    15  9151 |    0.0165   10.3703 |
  595.725    15  9166 |    0.0162   10.3865 |
  596.700    15  9181 |    0.0165   10.4031 |
  597.675    15  9196 |    0.0166   10.4196 |
  598.650    15  9211 |    0.0165   10.4361 |
  599.625    15  9226 |    0.0165   10.4526 |
  600.600    15  9241 |    0.0168   10.4694 |
  601.575    15  9256 |    0.0165   10.4859 |
  602.550    15  9271 |    0.0164   10.5023 |
  603.525    15  9286 |    0.0165   10.5188 |
  604.500    15  9301 |    0.0164   10.5353 |
  605.475    15  9316 |    0.0167   10.5519 |
  606.450    15  9331 |    0.0164   10.5684 |
  607.425    15  9346 |    0.0166   10.5850 |
  608.400    15  9361 |    0.0164   10.6013 |
  609.375    15  9376 |    0.0161   10.6174 |
  610.350    15  9391 |    0.0161   10.6335 |
  611.325    15  9406 |    0.0159   10.6494 |
  612.300    15  9421 |    0.0160   10.6654 |
  613.275    15  9436 |    0.0161   10.6815 |
  614.250    15  9451 |    0.0162   10.6977 |
  615.225    15  9466 |    0.0160   10.7137 |
  616.200    15  9481 |    0.0160   10.7297 |
  617.175    15  9496 |    0.0162   10.7460 |
  618.150    15  9511 |    0.0160   10.7619 |
  619.125    15  9526 |    0.0160   10.7779 |
  620.100    15  9541 |    0.0159   10.7938 |
  621.075    15  9556 |    0.0160   10.8098 |
  622.050    15  9571 |    0.0160   10.8258 |
  623.025    15  9586 |    0.0160   10.8418 |
  624.000    15  9601 |    0.0160   10.8579 |
  624.975    15  9616 |    0.0162   10.8741 |
  625.950    15  9631 |    0.0161   10.8902 |
  626.925    15  9646 |    0.0160   10.9061 |
  627.900    15  9661 |    0.0160   10.9221 |
  628.875    15  9676 |    0.0159   10.9381 |
  629.850    15  9691 |    0.0159   10.9540 |
  630.825    15  9706 |    0.0161   10.9701 |
  631.800    15  9721 |    0.0162   10.9863 |
  632.775    15  9736 |    0.0159   11.0022 |
  633.750    15  9751 |    0.0159   11.0180 |
  634.725    15  9766 |    0.0160   11.0340 |
  635.700    15  9781 |    0.0159   11.0499 |
  636.675    15  9796 |    0.0159   11.0658 |
  637.650    15  9811 |    0.0161   11.0819 |
  638.625    15  9826 |    0.0160   11.0979 |
  639.600    15  9841 |    0.0160   11.1139 |
  640.575    15  9856 |    0.0160   11.1299 |
  641.550    15  9871 |    0.0159   11.1458 |
  642.525    15  9886 |    0.0163   11.1621 |
  643.500    15  9901 |    0.0162   11.1783 |
  644.475    15  9916 |    0.0163   11.1946 |
  645.450    15  9931 |    0.0164   11.2110 |
  646.425    15  9946 |    0.0165   11.2274 |
  647.400    15  9961 |    0.0160   11.2434 |
  648.375    15  9976 |    0.0159   11.2593 |
  649.350    15  9991 |    0.0160   11.2753 |
  650.325    15 10006 |    0.0160   11.2913 |
  651.300    15 10021 |    0.0161   11.3073 |
  652.275    15 10036 |    0.0163   11.3236 |
  653.250    15 10051 |    0.0160   11.3396 |
  654.225    15 10066 |    0.0161   11.3557 |
  655.200    15 10081 |    0.0160   11.3717 |
  656.175    15 10096 |    0.0159   11.3875 |
  657.150    15 10111 |    0.0161   11.4036 |
  658.125    15 10126 |    0.0162   11.4198 |
  659.100    15 10141 |    0.0160   11.4358 |
  660.075    15 10156 |    0.0160   11.4519 |
  661.050    15 10171 |    0.0161   11.4679 |
  662.025    15 10186 |    0.0162   11.4841 |
  663.000    15 10201 |    0.0160   11.5001 |
  663.975    15 10216 |    0.0159   11.5161 |
  664.950    15 10231 |    0.0160   11.5320 |
  665.925    15 10246 |    0.0161   11.5481 |
  666.900    15 10261 |    0.0240   11.5721 |
  667.875    15 10276 |    0.0160   11.5881 |
  668.850    15 10291 |    0.0160   11.6041 |
  669.825    15 10306 |    0.0160   11.6201 |
  670.800    15 10321 |    0.0160   11.6361 |
  671.775    15 10336 |    0.0161   11.6522 |
  672.750    15 10351 |    0.0160   11.6683 |
  673.725    15 10366 |    0.0162   11.6844 |
  674.700    15 10381 |    0.0160   11.7004 |
  675.675    15 10396 |    0.0160   11.7164 |
  676.650    15 10411 |    0.0161   11.7324 |
  677.625    15 10426 |    0.0161   11.7485 |
  678.600    15 10441 |    0.0162   11.7647 |
  679.575    15 10456 |    0.0160   11.7807 |
  680.550    15 10471 |    0.0162   11.7970 |
  681.525    15 10486 |    0.0161   11.8131 |
  682.500    15 10501 |    0.0160   11.8291 |
  683.475    15 10516 |    0.0162   11.8453 |
  684.450    15 10531 |    0.0159   11.8612 |
  685.425    15 10546 |    0.0160   11.8772 |
  686.400    15 10561 |    0.0159   11.8931 |
  687.375    15 10576 |    0.0160   11.9091 |
  688.350    15 10591 |    0.0159   11.9250 |
  689.325    15 10606 |    0.0161   11.9410 |
  690.300    15 10621 |    0.0160   11.9570 |
  691.275    15 10636 |    0.0159   11.9729 |
  692.250    15 10651 |    0.0159   11.9888 |
  693.225    15 10666 |    0.0160   12.0048 |
  694.200    15 10681 |    0.0160   12.0208 |
  695.175    15 10696 |    0.0160   12.0368 |
  696.150    15 10711 |    0.0159   12.0527 |
  697.125    15 10726 |    0.0161   12.0688 |
  698.100    15 10741 |    0.0160   12.0848 |
  699.075    15 10756 |    0.0160   12.1008 |
  700.050    15 10771 |    0.0163   12.1170 |
  701.025    15 10786 |    0.0160   12.1330 |
  702.000    15 10801 |    0.0163   12.1493 |
  702.975    15 10816 |    0.0160   12.1653 |
  703.950    15 10831 |    0.0160   12.1813 |
  704.925    15 10846 |    0.0160   12.1973 |
  705.900    15 10861 |    0.0160   12.2133 |
  706.875    15 10876 |    0.0161   12.2294 |
  707.850    15 10891 |    0.0159   12.2453 |
  708.825    15 10906 |    0.0161   12.2614 |
  709.800    15 10921 |    0.0163   12.2777 |
  710.775    15 10936 |    0.0163   12.2941 |
  711.750    15 10951 |    0.0166   12.3107 |
  712.725    15 10966 |    0.0162   12.3269 |
  713.700    15 10981 |    0.0162   12.3431 |
  714.675    15 10996 |    0.0161   12.3592 |
  715.650    15 11011 |    0.0160   12.3751 |
  716.625    15 11026 |    0.0160   12.3911 |
  717.600    15 11041 |    0.0159   12.4071 |
  718.575    15 11056 |    0.0161   12.4231 |
  719.550    15 11071 |    0.0160   12.4391 |
  720.525    15 11086 |    0.0159   12.4550 |
  721.500    15 11101 |    0.0163   12.4713 |
  722.475    15 11116 |    0.0159   12.4872 |
  723.450    15 11131 |    0.0159   12.5031 |
  724.425    15 11146 |    0.0159   12.5191 |
  725.400    15 11161 |    0.0159   12.5350 |
  726.375    15 11176 |    0.0159   12.5509 |
  727.350    15 11191 |    0.0159   12.5669 |
  728.325    15 11206 |    0.0165   12.5834 |
  729.300    15 11221 |    0.0163   12.5997 |
  730.275    15 11236 |    0.0165   12.6162 |
  731.250    15 11251 |    0.0165   12.6327 |
  732.225    15 11266 |    0.0166   12.6493 |
  733.200    15 11281 |    0.0165   12.6658 |
  734.175    15 11296 |    0.0165   12.6823 |
  735.150    15 11311 |    0.0166   12.6989 |
  736.125    15 11326 |    0.0163   12.7152 |
  737.100    15 11341 |    0.0163   12.7315 |
  738.075    15 11356 |    0.0164   12.7479 |
  739.050    15 11371 |    0.0164   12.7642 |
  740.025    15 11386 |    0.0166   12.7809 |
  741.000    15 11401 |    0.0162   12.7971 |
  741.975    15 11416 |    0.0160   12.8131 |
  742.950    15 11431 |    0.0161   12.8291 |
  743.925    15 11446 |    0.0161   12.8452 |
  744.900    15 11461 |    0.0167   12.8620 |
  745.875    15 11476 |    0.0167   12.8786 |
  746.850    15 11491 |    0.0166   12.8952 |
  747.825    15 11506 |    0.0164   12.9116 |
  748.800    15 11521 |    0.0164   12.9280 |
  749.775    15 11536 |    0.0165   12.9445 |
  750.750    15 11551 |    0.0164   12.9609 |
  751.725    15 11566 |    0.0167   12.9776 |
  752.700    15 11581 |    0.0164   12.9940 |
  753.675    15 11596 |    0.0169   13.0109 |
  754.650    15 11611 |    0.0165   13.0273 |
  755.625    15 11626 |    0.0167   13.0440 |
  756.600    15 11641 |    0.0166   13.0606 |
  757.575    15 11656 |    0.0167   13.0773 |
  758.550    15 11671 |    0.0164   13.0938 |
  759.525    15 11686 |    0.0165   13.1102 |
  760.500    15 11701 |    0.0161   13.1263 |
  761.475    15 11716 |    0.0166   13.1429 |
  762.450    15 11731 |    0.0161   13.1589 |
  763.425    15 11746 |    0.0163   13.1752 |
  764.400    15 11761 |    0.0168   13.1920 |
  765.375    15 11776 |    0.0179   13.2098 |
  766.350    15 11791 |    0.0167   13.2266 |
  767.325    15 11806 |    0.0167   13.2433 |
  768.300    15 11821 |    0.0161   13.2594 |
  769.275    15 11836 |    0.0161   13.2755 |
  770.250    15 11851 |    0.0162   13.2917 |
  771.225    15 11866 |    0.0159   13.3076 |
  772.200    15 11881 |    0.0161   13.3237 |
  773.175    15 11896 |    0.0162   13.3399 |
  774.150    15 11911 |    0.0160   13.3559 |
  775.125    15 11926 |    0.0161   13.3720 |
  776.100    15 11941 |    0.0159   13.3879 |
  777.075    15 11956 |    0.0161   13.4040 |
  778.050    15 11971 |    0.0161   13.4201 |
  779.025    15 11986 |    0.0159   13.4360 |
  780.000    15 12001 |    0.0159   13.4519 |
  780.975    15 12016 |    0.0160   13.4679 |
  781.950    15 12031 |    0.0159   13.4838 |
  782.925    15 12046 |    0.0163   13.5001 |
  783.900    15 12061 |    0.0160   13.5161 |
  784.875    15 12076 |    0.0160   13.5321 |
  785.850    15 12091 |    0.0160   13.5481 |
  786.825    15 12106 |    0.0159   13.5641 |
  787.800    15 12121 |    0.0162   13.5803 |
  788.775    15 12136 |    0.0161   13.5964 |
  789.750    15 12151 |    0.0159   13.6124 |
  790.725    15 12166 |    0.0160   13.6284 |
  791.700    15 12181 |    0.0159   13.6443 |
  792.675    15 12196 |    0.0159   13.6602 |
  793.650    15 12211 |    0.0161   13.6763 |
  794.625    15 12226 |    0.0164   13.6927 |
  795.600    15 12241 |    0.0160   13.7087 |
  796.575    15 12256 |    0.0160   13.7246 |
  797.550    15 12271 |    0.0160   13.7406 |
  798.525    15 12286 |    0.0160   13.7566 |
  799.500    15 12301 |    0.0161   13.7727 |
  800.475    15 12316 |    0.0159   13.7886 |
  801.450    15 12331 |    0.0159   13.8045 |
  802.425    15 12346 |    0.0159   13.8205 |
  803.400    15 12361 |    0.0160   13.8364 |
  804.375    15 12376 |    0.0164   13.8528 |
  805.350    15 12391 |    0.0161   13.8689 |
  806.325    15 12406 |    0.0160   13.8850 |
  807.300    15 12421 |    0.0159   13.9009 |
  808.275    15 12436 |    0.0160   13.9169 |
  809.250    15 12451 |    0.0161   13.9330 |
  810.225    15 12466 |    0.0160   13.9490 |
  811.200    15 12481 |    0.0159   13.9649 |
  812.175    15 12496 |    0.0163   13.9812 |
  813.150    15 12511 |    0.0160   13.9972 |
  814.125    15 12526 |    0.0159   14.0131 |
  815.100    15 12541 |    0.0159   14.0290 |
  816.075    15 12556 |    0.0159   14.0449 |
  817.050    15 12571 |    0.0160   14.0609 |
  818.025    15 12586 |    0.0159   14.0769 |
  819.000    15 12601 |    0.0160   14.0928 |
  819.975    15 12616 |    0.0161   14.1089 |
  820.950    15 12631 |    0.0159   14.1248 |
  821.925    15 12646 |    0.0160   14.1408 |
  822.900    15 12661 |    0.0159   14.1568 |
  823.875    15 12676 |    0.0159   14.1727 |
  824.850    15 12691 |    0.0161   14.1888 |
  825.825    15 12706 |    0.0160   14.2048 |
  826.800    15 12721 |    0.0159   14.2207 |
  827.775    15 12736 |    0.0160   14.2367 |
  828.750    15 12751 |    0.0160   14.2527 |
  829.725    15 12766 |    0.0160   14.2687 |
  830.700    15 12781 |    0.0161   14.2847 |
  831.675    15 12796 |    0.0159   14.3007 |
  832.650    15 12811 |    0.0160   14.3167 |
  833.625    15 12826 |    0.0159   14.3326 |
  834.600    15 12841 |    0.0160   14.3486 |
  835.575    15 12856 |    0.0160   14.3646 |
  836.550    15 12871 |    0.0161   14.3807 |
  837.525    15 12886 |    0.0161   14.3968 |
  838.500    15 12901 |    0.0159   14.4127 |
  839.475    15 12916 |    0.0159   14.4286 |
  840.450    15 12931 |    0.0160   14.4446 |
  841.425    15 12946 |    0.0164   14.4610 |
  842.400    15 12961 |    0.0165   14.4775 |
  843.375    15 12976 |    0.0160   14.4934 |
  844.350    15 12991 |    0.0161   14.5096 |
  845.325    15 13006 |    0.0160   14.5256 |
  846.300    15 13021 |    0.0160   14.5416 |
  847.275    15 13036 |    0.0159   14.5575 |
  848.250    15 13051 |    0.0160   14.5735 |
  849.225    15 13066 |    0.0160   14.5895 |
  850.200    15 13081 |    0.0159   14.6054 |
  851.175    15 13096 |    0.0159   14.6214 |
  852.150    15 13111 |    0.0160   14.6374 |
  853.125    15 13126 |    0.0159   14.6533 |
  854.100    15 13141 |    0.0160   14.6693 |
  855.075    15 13156 |    0.0159   14.6851 |
  856.050    15 13171 |    0.0162   14.7014 |
  857.025    15 13186 |    0.0160   14.7174 |
  858.000    15 13201 |    0.0166   14.7340 |
  858.975    15 13216 |    0.0160   14.7500 |
  859.950    15 13231 |    0.0163   14.7663 |
  860.925    15 13246 |    0.0159   14.7822 |
  861.900    15 13261 |    0.0159   14.7981 |
  862.875    15 13276 |    0.0160   14.8141 |
  863.850    15 13291 |    0.0160   14.8300 |
  864.825    15 13306 |    0.0160   14.8460 |
  865.800    15 13321 |    0.0159   14.8620 |
  866.775    15 13336 |    0.0159   14.8779 |
  867.750    15 13351 |    0.0159   14.8938 |
  868.725    15 13366 |    0.0159   14.9098 |
  869.700    15 13381 |    0.0160   14.9258 |
  870.675    15 13396 |    0.0159   14.9417 |
  871.650    15 13411 |    0.0159   14.9576 |
  872.625    15 13426 |    0.0159   14.9735 |
  873.600    15 13441 |    0.0160   14.9894 |
  874.575    15 13456 |    0.0159   15.0054 |
  875.550    15 13471 |    0.0161   15.0214 |
  876.525    15 13486 |    0.0160   15.0374 |
  877.500    15 13501 |    0.0161   15.0535 |
  878.475    15 13516 |    0.0159   15.0694 |
  879.450    15 13531 |    0.0161   15.0855 |
  880.425    15 13546 |    0.0159   15.1014 |
  881.400    15 13561 |    0.0159   15.1173 |
  882.375    15 13576 |    0.0159   15.1332 |
  883.350    15 13591 |    0.0160   15.1492 |
  884.325    15 13606 |    0.0167   15.1659 |
  885.300    15 13621 |    0.0167   15.1826 |
  886.275    15 13636 |    0.0166   15.1991 |
  887.250    15 13651 |    0.0164   15.2155 |
  888.225    15 13666 |    0.0164   15.2320 |
  889.200    15 13681 |    0.0164   15.2484 |
  890.175    15 13696 |    0.0161   15.2645 |
  891.150    15 13711 |    0.0162   15.2807 |
  892.125    15 13726 |    0.0163   15.2969 |
  893.100    15 13741 |    0.0159   15.3129 |
  894.075    15 13756 |    0.0161   15.3290 |
  895.050    15 13771 |    0.0160   15.3449 |
  896.025    15 13786 |    0.0160   15.3609 |
  897.000    15 13801 |    0.0159   15.3768 |
  897.975    15 13816 |    0.0159   15.3928 |
  898.950    15 13831 |    0.0160   15.4088 |
  899.925    15 13846 |    0.0162   15.4249 |
  900.900    15 13861 |    0.0160   15.4409 |
  901.875    15 13876 |    0.0160   15.4569 |
  902.850    15 13891 |    0.0160   15.4729 |
  903.825    15 13906 |    0.0160   15.4889 |
  904.800    15 13921 |    0.0160   15.5049 |
  905.775    15 13936 |    0.0159   15.5209 |
  906.750    15 13951 |    0.0160   15.5368 |
  907.725    15 13966 |    0.0163   15.5531 |
  908.700    15 13981 |    0.0162   15.5693 |
  909.675    15 13996 |    0.0159   15.5852 |
  910.650    15 14011 |    0.0160   15.6013 |
  911.625    15 14026 |    0.0161   15.6174 |
  912.600    15 14041 |    0.0159   15.6333 |
  913.575    15 14056 |    0.0160   15.6494 |
  914.550    15 14071 |    0.0159   15.6653 |
  915.525    15 14086 |    0.0159   15.6812 |
  916.500    15 14101 |    0.0160   15.6973 |
  917.475    15 14116 |    0.0159   15.7132 |
  918.450    15 14131 |    0.0159   15.7291 |
  919.425    15 14146 |    0.0161   15.7452 |
  920.400    15 14161 |    0.0159   15.7611 |
  921.375    15 14176 |    0.0159   15.7770 |
  922.350    15 14191 |    0.0160   15.7930 |
  923.325    15 14206 |    0.0162   15.8091 |
  924.300    15 14221 |    0.0159   15.8251 |
  925.275    15 14236 |    0.0160   15.8411 |
  926.250    15 14251 |    0.0159   15.8570 |
  927.225    15 14266 |    0.0160   15.8730 |
  928.200    15 14281 |    0.0159   15.8889 |
  929.175    15 14296 |    0.0165   15.9055 |
  930.150    15 14311 |    0.0162   15.9217 |
  931.125    15 14326 |    0.0161   15.9378 |
  932.100    15 14341 |    0.0162   15.9541 |
  933.075    15 14356 |    0.0161   15.9702 |
  934.050    15 14371 |    0.0161   15.9863 |
  935.025    15 14386 |    0.0161   16.0023 |
  936.000    15 14401 |    0.0164   16.0187 |
  936.975    15 14416 |    0.0161   16.0348 |
  937.950    15 14431 |    0.0165   16.0513 |
  938.925    15 14446 |    0.0162   16.0675 |
  939.900    15 14461 |    0.0160   16.0836 |
  940.875    15 14476 |    0.0162   16.0998 |
  941.850    15 14491 |    0.0161   16.1159 |
  942.825    15 14506 |    0.0159   16.1318 |
  943.800    15 14521 |    0.0159   16.1478 |
  944.775    15 14536 |    0.0159   16.1637 |
  945.750    15 14551 |    0.0159   16.1796 |
  946.725    15 14566 |    0.0161   16.1958 |
  947.700    15 14581 |    0.0159   16.2117 |
  948.675    15 14596 |    0.0160   16.2276 |
  949.650    15 14611 |    0.0160   16.2437 |
  950.625    15 14626 |    0.0159   16.2596 |
  951.600    15 14641 |    0.0160   16.2756 |
  952.575    15 14656 |    0.0160   16.2916 |
  953.550    15 14671 |    0.0160   16.3076 |
  954.525    15 14686 |    0.0162   16.3238 |
  955.500    15 14701 |    0.0162   16.3400 |
  956.475    15 14716 |    0.0162   16.3562 |
  957.450    15 14731 |    0.0159   16.3721 |
  958.425    15 14746 |    0.0160   16.3881 |
  959.400    15 14761 |    0.0159   16.4041 |
  960.375    15 14776 |    0.0159   16.4199 |
  961.350    15 14791 |    0.0160   16.4360 |
  962.325    15 14806 |    0.0160   16.4519 |
  963.300    15 14821 |    0.0160   16.4680 |
  964.275    15 14836 |    0.0160   16.4839 |
  965.250    15 14851 |    0.0162   16.5002 |
  966.225    15 14866 |    0.0159   16.5161 |
  967.200    15 14881 |    0.0160   16.5320 |
  968.175    15 14896 |    0.0159   16.5479 |
  969.150    15 14911 |    0.0160   16.5639 |
  970.125    15 14926 |    0.0160   16.5799 |
  971.100    15 14941 |    0.0160   16.5959 |
  972.075    15 14956 |    0.0159   16.6118 |
  973.050    15 14971 |    0.0160   16.6278 |
  974.025    15 14986 |    0.0161   16.6439 |
  975.000    15 15001 |    0.0160   16.6599 |
  975.975    15 15016 |    0.0161   16.6759 |
  976.950    15 15031 |    0.0160   16.6919 |
  977.925    15 15046 |    0.0160   16.7079 |
  978.900    15 15061 |    0.0159   16.7238 |
  979.875    15 15076 |    0.0159   16.7397 |
  980.850    15 15091 |    0.0160   16.7557 |
  981.825    15 15106 |    0.0159   16.7716 |
  982.800    15 15121 |    0.0164   16.7880 |
  983.775    15 15136 |    0.0159   16.8039 |
  984.750    15 15151 |    0.0159   16.8199 |
  985.725    15 15166 |    0.0161   16.8359 |
  986.700    15 15181 |    0.0160   16.8519 |
  987.675    15 15196 |    0.0160   16.8679 |
  988.650    15 15211 |    0.0160   16.8839 |
  989.625    15 15226 |    0.0160   16.8999 |
  990.600    15 15241 |    0.0160   16.9159 |
  991.575    15 15256 |    0.0160   16.9319 |
  992.550    15 15271 |    0.0162   16.9481 |
  993.525    15 15286 |    0.0160   16.9641 |
  994.500    15 15301 |    0.0159   16.9800 |
  995.475    15 15316 |    0.0161   16.9961 |
  996.450    15 15331 |    0.0160   17.0121 |
  997.425    15 15346 |    0.0159   17.0280 |
  998.400    15 15361 |    0.0159   17.0439 |
  999.375    15 15376 |    0.0160   17.0599 |
