          ----- ----- | --------- --------- |
            cls ttcls |      time  tot time |
    0.000     1     1 |    0.0020    0.0020 |
    0.975    15    16 |    0.0233    0.0253 |
    1.950    15    31 |    0.0232    0.0485 |
    2.925    15    46 |    0.0232    0.0717 |
    3.900    15    61 |    0.0236    0.0953 |
    4.875    15    76 |    0.0232    0.1184 |
    5.850    15    91 |    0.0235    0.1419 |
    6.825    15   106 |    0.0233    0.1651 |
    7.800    15   121 |    0.0236    0.1887 |
    8.775    15   136 |    0.0233    0.2120 |
    9.750    15   151 |    0.0232    0.2352 |
   10.725    15   166 |    0.0232    0.2584 |
   11.700    15   181 |    0.0233    0.2816 |
   12.675    15   196 |    0.0232    0.3048 |
   13.650    15   211 |    0.0232    0.3281 |
   14.625    15   226 |    0.0233    0.3513 |
   15.600    15   241 |    0.0242    0.3756 |
   16.575    15   256 |    0.0231    0.3987 |
   17.550    15   271 |    0.0234    0.4221 |
   18.525    15   286 |    0.0232    0.4453 |
   19.500    15   301 |    0.0235    0.4688 |
   20.475    15   316 |    0.0234    0.4922 |
   21.450    15   331 |    0.0233    0.5155 |
   22.425    15   346 |    0.0232    0.5387 |
   23.400    15   361 |    0.0234    0.5622 |
   24.375    15   376 |    0.0232    0.5853 |
   25.350    15   391 |    0.0232    0.6085 |
   26.325    15   406 |    0.0232    0.6318 |
   27.300    15   421 |    0.0233    0.6551 |
   28.275    15   436 |    0.0232    0.6783 |
   29.250    15   451 |    0.0234    0.7017 |
   30.225    15   466 |    0.0236    0.7253 |
   31.200    15   481 |    0.0232    0.7485 |
   32.175    15   496 |    0.0235    0.7720 |
   33.150    15   511 |    0.0240    0.7961 |
   34.125    15   526 |    0.0235    0.8195 |
   35.100    15   541 |    0.0232    0.8428 |
   36.075    15   556 |    0.0233    0.8661 |
   37.050    15   571 |    0.0232    0.8892 |
   38.025    15   586 |    0.0232    0.9125 |
   39.000    15   601 |    0.0233    0.9357 |
   39.975    15   616 |    0.0232    0.9589 |
   40.950    15   631 |    0.0233    0.9823 |
   41.925    15   646 |    0.0232    1.0055 |
   42.900    15   661 |    0.0232    1.0287 |
   43.875    15   676 |    0.0232    1.0519 |
   44.850    15   691 |    0.0233    1.0752 |
   45.825    15   706 |    0.0232    1.0984 |
   46.800    15   721 |    0.0233    1.1217 |
   47.775    15   736 |    0.0232    1.1449 |
   48.750    15   751 |    0.0235    1.1684 |
   49.725    15   766 |    0.0235    1.1919 |
   50.700    15   781 |    0.0227    1.2146 |
   51.675    15   796 |    0.0220    1.2366 |
   52.650    15   811 |    0.0214    1.2579 |
   53.625    15   826 |    0.0210    1.2789 |
   54.600    15   841 |    0.0203    1.2993 |
   55.575    15   856 |    0.0202    1.3195 |
   56.550    15   871 |    0.0197    1.3391 |
   57.525    15   886 |    0.0194    1.3585 |
   58.500    15   901 |    0.0192    1.3777 |
   59.475    15   916 |    0.0189    1.3966 |
   60.450    15   931 |    0.0187    1.4152 |
   61.425    15   946 |    0.0184    1.4336 |
   62.400    15   961 |    0.0182    1.4518 |
   63.375    15   976 |    0.0180    1.4698 |
   64.350    15   991 |    0.0178    1.4876 |
   65.325    15  1006 |    0.0177    1.5052 |
   66.300    15  1021 |    0.0175    1.5227 |
   67.275    15  1036 |    0.0173    1.5400 |
   68.250    15  1051 |    0.0171    1.5570 |
   69.225    15  1066 |    0.0169    1.5740 |
   70.200    15  1081 |    0.0173    1.5913 |
   71.175    15  1096 |    0.0167    1.6080 |
   72.150    15  1111 |    0.0166    1.6246 |
   73.125    15  1126 |    0.0163    1.6410 |
   74.100    15  1141 |    0.0162    1.6572 |
   75.075    15  1156 |    0.0162    1.6734 |
   76.050    15  1171 |    0.0160    1.6894 |
   77.025    15  1186 |    0.0162    1.7056 |
   78.000    15  1201 |    0.0160    1.7216 |
   78.975    15  1216 |    0.0162    1.7378 |
   79.950    15  1231 |    0.0160    1.7538 |
   80.925    15  1246 |    0.0160    1.7698 |
   81.900    15  1261 |    0.0159    1.7857 |
   82.875    15  1276 |    0.0160    1.8017 |
   83.850    15  1291 |    0.0159    1.8176 |
   84.825    15  1306 |    0.0159    1.8335 |
   85.800    15  1321 |    0.0160    1.8495 |
   86.775    15  1336 |    0.0164    1.8660 |
   87.750    15  1351 |    0.0159    1.8819 |
   88.725    15  1366 |    0.0160    1.8979 |
   89.700    15  1381 |    0.0159    1.9138 |
   90.675    15  1396 |    0.0160    1.9298 |
   91.650    15  1411 |    0.0160    1.9458 |
   92.625    15  1426 |    0.0159    1.9617 |
   93.600    15  1441 |    0.0160    1.9778 |
   94.575    15  1456 |    0.0160    1.9937 |
   95.550    15  1471 |    0.0162    2.0099 |
   96.525    15  1486 |    0.0160    2.0259 |
   97.500    15  1501 |    0.0160    2.0420 |
   98.475    15  1516 |    0.0160    2.0579 |
   99.450    15  1531 |    0.0160    2.0739 |
  100.425    15  1546 |    0.0160    2.0899 |
  101.400    15  1561 |    0.0159    2.1058 |
  102.375    15  1576 |    0.0160    2.1218 |
  103.350    15  1591 |    0.0166    2.1384 |
  104.325    15  1606 |    0.0159    2.1543 |
  105.300    15  1621 |    0.0160    2.1702 |
  106.275    15  1636 |    0.0160    2.1862 |
  107.250    15  1651 |    0.0160    2.2022 |
  108.225    15  1666 |    0.0161    2.2183 |
  109.200    15  1681 |    0.0159    2.2341 |
  110.175    15  1696 |    0.0161    2.2502 |
  111.150    15  1711 |    0.0160    2.2662 |
  112.125    15  1726 |    0.0160    2.2821 |
  113.100    15  1741 |    0.0160    2.2982 |
  114.075    15  1756 |    0.0161    2.3143 |
  115.050    15  1771 |    0.0159    2.3302 |
  116.025    15  1786 |    0.0160    2.3462 |
  117.000    15  1801 |    0.0159    2.3621 |
  117.975    15  1816 |    0.0161    2.3782 |
  118.950    15  1831 |    0.0159    2.3942 |
  119.925    15  1846 |    0.0161    2.4103 |
  120.900    15  1861 |    0.0160    2.4263 |
  121.875    15  1876 |    0.0160    2.4423 |
  122.850    15  1891 |    0.0161    2.4583 |
  123.825    15  1906 |    0.0159    2.4743 |
  124.800    15  1921 |    0.0160    2.4902 |
  125.775    15  1936 |    0.0162    2.5065 |
  126.750    15  1951 |    0.0160    2.5224 |
  127.725    15  1966 |    0.0160    2.5385 |
  128.700    15  1981 |    0.0159    2.5544 |
  129.675    15  1996 |    0.0161    2.5705 |
  130.650    15  2011 |    0.0159    2.5865 |
  131.625    15  2026 |    0.0160    2.6025 |
  132.600    15  2041 |    0.0160    2.6184 |
  133.575    15  2056 |    0.0160    2.6344 |
  134.550    15  2071 |    0.0160    2.6504 |
  135.525    15  2086 |    0.0160    2.6664 |
  136.500    15  2101 |    0.0165    2.6829 |
  137.475    15  2116 |    0.0160    2.6989 |
  138.450    15  2131 |    0.0162    2.7150 |
  139.425    15  2146 |    0.0162    2.7312 |
  140.400    15  2161 |    0.0160    2.7472 |
  141.375    15  2176 |    0.0159    2.7631 |
  142.350    15  2191 |    0.0160    2.7791 |
  143.325    15  2206 |    0.0160    2.7951 |
  144.300    15  2221 |    0.0160    2.8110 |
  145.275    15  2236 |    0.0161    2.8271 |
  146.250    15  2251 |    0.0160    2.8431 |
  147.225    15  2266 |    0.0160    2.8591 |
  148.200    15  2281 |    0.0160    2.8751 |
  149.175    15  2296 |    0.0161    2.8912 |
  150.150    15  2311 |    0.0160    2.9071 |
  151.125    15  2326 |    0.0160    2.9231 |
  152.100    15  2341 |    0.0160    2.9391 |
  153.075    15  2356 |    0.0167    2.9558 |
  154.050    15  2371 |    0.0163    2.9721 |
  155.025    15  2386 |    0.0160    2.9881 |
  156.000    15  2401 |    0.0160    3.0041 |
  156.975    15  2416 |    0.0162    3.0204 |
  157.950    15  2431 |    0.0159    3.0362 |
  158.925    15  2446 |    0.0160    3.0522 |
  159.900    15  2461 |    0.0160    3.0682 |
  160.875    15  2476 |    0.0160    3.0842 |
  161.850    15  2491 |    0.0160    3.1002 |
  162.825    15  2506 |    0.0159    3.1161 |
  163.800    15  2521 |    0.0160    3.1321 |
  164.775    15  2536 |    0.0161    3.1482 |
  165.750    15  2551 |    0.0159    3.1641 |
  166.725    15  2566 |    0.0159    3.1800 |
  167.700    15  2581 |    0.0160    3.1960 |
  168.675    15  2596 |    0.0161    3.2121 |
  169.650    15  2611 |    0.0161    3.2282 |
  170.625    15  2626 |    0.0160    3.2443 |
  171.600    15  2641 |    0.0159    3.2602 |
  172.575    15  2656 |    0.0160    3.2762 |
  173.550    15  2671 |    0.0160    3.2922 |
  174.525    15  2686 |    0.0159    3.3081 |
  175.500    15  2701 |    0.0160    3.3240 |
  176.475    15  2716 |    0.0159    3.3400 |
  177.450    15  2731 |    0.0159    3.3559 |
  178.425    15  2746 |    0.0159    3.3718 |
  179.400    15  2761 |    0.0161    3.3879 |
  180.375    15  2776 |    0.0161    3.4040 |
  181.350    15  2791 |    0.0160    3.4199 |
  182.325    15  2806 |    0.0159    3.4359 |
  183.300    15  2821 |    0.0160    3.4519 |
  184.275    15  2836 |    0.0160    3.4679 |
  185.250    15  2851 |    0.0159    3.4838 |
  186.225    15  2866 |    0.0160    3.4998 |
  187.200    15  2881 |    0.0164    3.5161 |
  188.175    15  2896 |    0.0159    3.5320 |
  189.150    15  2911 |    0.0159    3.5479 |
  190.125    15  2926 |    0.0160    3.5639 |
  191.100    15  2941 |    0.0159    3.5798 |
  192.075    15  2956 |    0.0159    3.5957 |
  193.050    15  2971 |    0.0160    3.6117 |
  194.025    15  2986 |    0.0160    3.6277 |
  195.000    15  3001 |    0.0159    3.6436 |
  195.975    15  3016 |    0.0160    3.6595 |
  196.950    15  3031 |    0.0160    3.6755 |
  197.925    15  3046 |    0.0159    3.6914 |
  198.900    15  3061 |    0.0159    3.7073 |
  199.875    15  3076 |    0.0161    3.7235 |
  200.850    15  3091 |    0.0161    3.7396 |
  201.825    15  3106 |    0.0160    3.7557 |
  202.800    15  3121 |    0.0159    3.7716 |
  203.775    15  3136 |    0.0159    3.7875 |
  204.750    15  3151 |    0.0159    3.8034 |
  205.725    15  3166 |    0.0160    3.8194 |
  206.700    15  3181 |    0.0160    3.8354 |
  207.675    15  3196 |    0.0160    3.8514 |
  208.650    15  3211 |    0.0162    3.8677 |
  209.625    15  3226 |    0.0160    3.8837 |
  210.600    15  3241 |    0.0162    3.8998 |
  211.575    15  3256 |    0.0170    3.9168 |
  212.550    15  3271 |    0.0168    3.9336 |
  213.525    15  3286 |    0.0164    3.9500 |
  214.500    15  3301 |    0.0164    3.9664 |
  215.475    15  3316 |    0.0163    3.9827 |
  216.450    15  3331 |    0.0177    4.0003 |
  217.425    15  3346 |    0.0169    4.0172 |
  218.400    15  3361 |    0.0166    4.0338 |
  219.375    15  3376 |    0.0164    4.0501 |
  220.350    15  3391 |    0.0163    4.0664 |
  221.325    15  3406 |    0.0161    4.0825 |
  222.300    15  3421 |    0.0163    4.0988 |
  223.275    15  3436 |    0.0164    4.1152 |
  224.250    15  3451 |    0.0162    4.1314 |
  225.225    15  3466 |    0.0160    4.1474 |
  226.200    15  3481 |    0.0161    4.1635 |
  227.175    15  3496 |    0.0160    4.1796 |
  228.150    15  3511 |    0.0161    4.1957 |
  229.125    15  3526 |    0.0160    4.2117 |
  230.100    15  3541 |    0.0159    4.2276 |
  231.075    15  3556 |    0.0162    4.2438 |
  232.050    15  3571 |    0.0160    4.2599 |
  233.025    15  3586 |    0.0160    4.2759 |
  234.000    15  3601 |    0.0159    4.2918 |
  234.975    15  3616 |    0.0160    4.3079 |
  235.950    15  3631 |    0.0161    4.3240 |
  236.925    15  3646 |    0.0160    4.3400 |
  237.900    15  3661 |    0.0160    4.3560 |
  238.875    15  3676 |    0.0162    4.3722 |
  239.850    15  3691 |    0.0160    4.3882 |
  240.825    15  3706 |    0.0161    4.4043 |
  241.800    15  3721 |    0.0161    4.4204 |
  242.775    15  3736 |    0.0165    4.4369 |
  243.750    15  3751 |    0.0216    4.4585 |
  244.725    15  3766 |    0.0199    4.4784 |
  245.700    15  3781 |    0.0165    4.4949 |
  246.675    15  3796 |    0.0163    4.5112 |
  247.650    15  3811 |    0.0160    4.5272 |
  248.625    15  3826 |    0.0164    4.5437 |
  249.600    15  3841 |    0.0165    4.5602 |
  250.575    15  3856 |    0.0165    4.5767 |
  251.550    15  3871 |    0.0165    4.5933 |
  252.525    15  3886 |    0.0191    4.6124 |
  253.500    15  3901 |    0.0168    4.6292 |
  254.475    15  3916 |    0.0163    4.6454 |
  255.450    15  3931 |    0.0177    4.6631 |
  256.425    15  3946 |    0.0167    4.6798 |
  257.400    15  3961 |    0.0164    4.6962 |
  258.375    15  3976 |    0.0161    4.7123 |
  259.350    15  3991 |    0.0163    4.7287 |
  260.325    15  4006 |    0.0160    4.7447 |
  261.300    15  4021 |    0.0165    4.7612 |
  262.275    15  4036 |    0.0161    4.7773 |
  263.250    15  4051 |    0.0161    4.7934 |
  264.225    15  4066 |    0.0161    4.8095 |
  265.200    15  4081 |    0.0161    4.8256 |
  266.175    15  4096 |    0.0162    4.8419 |
  267.150    15  4111 |    0.0162    4.8581 |
  268.125    15  4126 |    0.0163    4.8744 |
  269.100    15  4141 |    0.0164    4.8907 |
  270.075    15  4156 |    0.0165    4.9072 |
  271.050    15  4171 |    0.0169    4.9241 |
  272.025    15  4186 |    0.0163    4.9404 |
  273.000    15  4201 |    0.0164    4.9568 |
  273.975    15  4216 |    0.0165    4.9733 |
  274.950    15  4231 |    0.0163    4.9896 |
  275.925    15  4246 |    0.0161    5.0057 |
  276.900    15  4261 |    0.0164    5.0221 |
  277.875    15  4276 |    0.0164    5.0385 |
  278.850    15  4291 |    0.0165    5.0550 |
  279.825    15  4306 |    0.0164    5.0714 |
  280.800    15  4321 |    0.0165    5.0878 |
  281.775    15  4336 |    0.0163    5.1042 |
  282.750    15  4351 |    0.0168    5.1209 |
  283.725    15  4366 |    0.0164    5.1373 |
  284.700    15  4381 |    0.0167    5.1541 |
  285.675    15  4396 |    0.0171    5.1712 |
  286.650    15  4411 |    0.0177    5.1889 |
  287.625    15  4426 |    0.0168    5.2057 |
  288.600    15  4441 |    0.0165    5.2222 |
  289.575    15  4456 |    0.0164    5.2385 |
  290.550    15  4471 |    0.0166    5.2551 |
  291.525    15  4486 |    0.0171    5.2722 |
  292.500    15  4501 |    0.0167    5.2890 |
  293.475    15  4516 |    0.0166    5.3055 |
  294.450    15  4531 |    0.0170    5.3225 |
  295.425    15  4546 |    0.0192    5.3417 |
  296.400    15  4561 |    0.0173    5.3590 |
  297.375    15  4576 |    0.0166    5.3756 |
  298.350    15  4591 |    0.0164    5.3920 |
  299.325    15  4606 |    0.0164    5.4084 |
  300.300    15  4621 |    0.0163    5.4247 |
  301.275    15  4636 |    0.0160    5.4407 |
  302.250    15  4651 |    0.0160    5.4566 |
  303.225    15  4666 |    0.0162    5.4728 |
  304.200    15  4681 |    0.0161    5.4890 |
  305.175    15  4696 |    0.0161    5.5050 |
  306.150    15  4711 |    0.0160    5.5210 |
  307.125    15  4726 |    0.0160    5.5370 |
  308.100    15  4741 |    0.0161    5.5531 |
  309.075    15  4756 |    0.0160    5.5691 |
  310.050    15  4771 |    0.0161    5.5852 |
  311.025    15  4786 |    0.0161    5.6013 |
  312.000    15  4801 |    0.0162    5.6175 |
  312.975    15  4816 |    0.0169    5.6344 |
  313.950    15  4831 |    0.0165    5.6509 |
  314.925    15  4846 |    0.0164    5.6673 |
  315.900    15  4861 |    0.0162    5.6835 |
  316.875    15  4876 |    0.0170    5.7004 |
  317.850    15  4891 |    0.0162    5.7167 |
  318.825    15  4906 |    0.0170    5.7337 |
  319.800    15  4921 |    0.0170    5.7507 |
  320.775    15  4936 |    0.0163    5.7670 |
  321.750    15  4951 |    0.0162    5.7833 |
  322.725    15  4966 |    0.0159    5.7992 |
  323.700    15  4981 |    0.0164    5.8156 |
  324.675    15  4996 |    0.0167    5.8323 |
  325.650    15  5011 |    0.0166    5.8489 |
  326.625    15  5026 |    0.0167    5.8656 |
  327.600    15  5041 |    0.0166    5.8822 |
  328.575    15  5056 |    0.0162    5.8984 |
  329.550    15  5071 |    0.0163    5.9146 |
  330.525    15  5086 |    0.0167    5.9314 |
  331.500    15  5101 |    0.0163    5.9477 |
  332.475    15  5116 |    0.0166    5.9643 |
  333.450    15  5131 |    0.0163    5.9806 |
  334.425    15  5146 |    0.0164    5.9969 |
  335.400    15  5161 |    0.0161    6.0131 |
  336.375    15  5176 |    0.0171    6.0302 |
  337.350    15  5191 |    0.0172    6.0473 |
  338.325    15  5206 |    0.0170    6.0643 |
  339.300    15  5221 |    0.0164    6.0808 |
  340.275    15  5236 |    0.0167    6.0975 |
  341.250    15  5251 |    0.0175    6.1150 |
  342.225    15  5266 |    0.0177    6.1327 |
  343.200    15  5281 |    0.0166    6.1493 |
  344.175    15  5296 |    0.0165    6.1657 |
  345.150    15  5311 |    0.0163    6.1820 |
  346.125    15  5326 |    0.0164    6.1985 |
  347.100    15  5341 |    0.0165    6.2150 |
  348.075    15  5356 |    0.0172    6.2322 |
  349.050    15  5371 |    0.0166    6.2488 |
  350.025    15  5386 |    0.0165    6.2653 |
  351.000    15  5401 |    0.0160    6.2813 |
  351.975    15  5416 |    0.0161    6.2974 |
  352.950    15  5431 |    0.0163    6.3138 |
  353.925    15  5446 |    0.0164    6.3301 |
  354.900    15  5461 |    0.0164    6.3465 |
  355.875    15  5476 |    0.0169    6.3634 |
  356.850    15  5491 |    0.0165    6.3799 |
  357.825    15  5506 |    0.0165    6.3964 |
  358.800    15  5521 |    0.0161    6.4124 |
  359.775    15  5536 |    0.0161    6.4285 |
  360.750    15  5551 |    0.0163    6.4448 |
  361.725    15  5566 |    0.0164    6.4612 |
  362.700    15  5581 |    0.0163    6.4775 |
  363.675    15  5596 |    0.0162    6.4937 |
  364.650    15  5611 |    0.0160    6.5097 |
  365.625    15  5626 |    0.0161    6.5258 |
  366.600    15  5641 |    0.0160    6.5418 |
  367.575    15  5656 |    0.0161    6.5579 |
  368.550    15  5671 |    0.0162    6.5741 |
  369.525    15  5686 |    0.0165    6.5906 |
  370.500    15  5701 |    0.0162    6.6068 |
  371.475    15  5716 |    0.0175    6.6243 |
  372.450    15  5731 |    0.0169    6.6412 |
  373.425    15  5746 |    0.0161    6.6573 |
  374.400    15  5761 |    0.0163    6.6736 |
  375.375    15  5776 |    0.0162    6.6898 |
  376.350    15  5791 |    0.0161    6.7059 |
  377.325    15  5806 |    0.0166    6.7225 |
  378.300    15  5821 |    0.0160    6.7385 |
  379.275    15  5836 |    0.0165    6.7549 |
  380.250    15  5851 |    0.0162    6.7711 |
  381.225    15  5866 |    0.0165    6.7876 |
  382.200    15  5881 |    0.0169    6.8045 |
  383.175    15  5896 |    0.0163    6.8208 |
  384.150    15  5911 |    0.0162    6.8370 |
  385.125    15  5926 |    0.0172    6.8543 |
  386.100    15  5941 |    0.0167    6.8709 |
  387.075    15  5956 |    0.0164    6.8873 |
  388.050    15  5971 |    0.0164    6.9037 |
  389.025    15  5986 |    0.0163    6.9200 |
  390.000    15  6001 |    0.0167    6.9368 |
  390.975    15  6016 |    0.0166    6.9534 |
  391.950    15  6031 |    0.0162    6.9695 |
  392.925    15  6046 |    0.0162    6.9857 |
  393.900    15  6061 |    0.0161    7.0018 |
  394.875    15  6076 |    0.0161    7.0179 |
  395.850    15  6091 |    0.0162    7.0341 |
  396.825    15  6106 |    0.0164    7.0505 |
  397.800    15  6121 |    0.0165    7.0670 |
  398.775    15  6136 |    0.0163    7.0833 |
  399.750    15  6151 |    0.0164    7.0997 |
  400.725    15  6166 |    0.0173    7.1170 |
  401.700    15  6181 |    0.0163    7.1333 |
  402.675    15  6196 |    0.0166    7.1499 |
  403.650    15  6211 |    0.0164    7.1663 |
  404.625    15  6226 |    0.0164    7.1827 |
  405.600    15  6241 |    0.0163    7.1990 |
  406.575    15  6256 |    0.0163    7.2152 |
  407.550    15  6271 |    0.0161    7.2313 |
  408.525    15  6286 |    0.0162    7.2475 |
  409.500    15  6301 |    0.0160    7.2635 |
  410.475    15  6316 |    0.0161    7.2796 |
  411.450    15  6331 |    0.0161    7.2956 |
  412.425    15  6346 |    0.0160    7.3116 |
  413.400    15  6361 |    0.0162    7.3278 |
  414.375    15  6376 |    0.0163    7.3440 |
  415.350    15  6391 |    0.0160    7.3601 |
  416.325    15  6406 |    0.0162    7.3763 |
  417.300    15  6421 |    0.0160    7.3923 |
  418.275    15  6436 |    0.0161    7.4084 |
  419.250    15  6451 |    0.0162    7.4246 |
  420.225    15  6466 |    0.0163    7.4409 |
  421.200    15  6481 |    0.0161    7.4570 |
  422.175    15  6496 |    0.0160    7.4730 |
  423.150    15  6511 |    0.0160    7.4890 |
  424.125    15  6526 |    0.0163    7.5052 |
  425.100    15  6541 |    0.0161    7.5214 |
  426.075    15  6556 |    0.0160    7.5374 |
  427.050    15  6571 |    0.0161    7.5534 |
  428.025    15  6586 |    0.0161    7.5695 |
  429.000    15  6601 |    0.0160    7.5855 |
  429.975    15  6616 |    0.0159    7.6014 |
  430.950    15  6631 |    0.0163    7.6177 |
  431.925    15  6646 |    0.0160    7.6337 |
  432.900    15  6661 |    0.0160    7.6497 |
  433.875    15  6676 |    0.0159    7.6657 |
  434.850    15  6691 |    0.0159    7.6816 |
  435.825    15  6706 |    0.0159    7.6975 |
  436.800    15  6721 |    0.0162    7.7137 |
  437.775    15  6736 |    0.0160    7.7296 |
  438.750    15  6751 |    0.0163    7.7459 |
  439.725    15  6766 |    0.0161    7.7620 |
  440.700    15  6781 |    0.0161    7.7780 |
  441.675    15  6796 |    0.0160    7.7940 |
  442.650    15  6811 |    0.0161    7.8101 |
  443.625    15  6826 |    0.0161    7.8262 |
  444.600    15  6841 |    0.0161    7.8423 |
  445.575    15  6856 |    0.0160    7.8583 |
  446.550    15  6871 |    0.0161    7.8743 |
  447.525    15  6886 |    0.0161    7.8904 |
  448.500    15  6901 |    0.0161    7.9066 |
  449.475    15  6916 |    0.0160    7.9225 |
  450.450    15  6931 |    0.0160    7.9385 |
  451.425    15  6946 |    0.0162    7.9547 |
  452.400    15  6961 |    0.0164    7.9711 |
  453.375    15  6976 |    0.0160    7.9871 |
  454.350    15  6991 |    0.0161    8.0032 |
  455.325    15  7006 |    0.0163    8.0195 |
  456.300    15  7021 |    0.0162    8.0357 |
  457.275    15  7036 |    0.0164    8.0521 |
  458.250    15  7051 |    0.0163    8.0684 |
  459.225    15  7066 |    0.0164    8.0848 |
  460.200    15  7081 |    0.0161    8.1009 |
  461.175    15  7096 |    0.0163    8.1172 |
  462.150    15  7111 |    0.0162    8.1334 |
  463.125    15  7126 |    0.0160    8.1494 |
  464.100    15  7141 |    0.0165    8.1659 |
  465.075    15  7156 |    0.0159    8.1818 |
  466.050    15  7171 |    0.0161    8.1979 |
  467.025    15  7186 |    0.0160    8.2139 |
  468.000    15  7201 |    0.0163    8.2303 |
  468.975    15  7216 |    0.0160    8.2463 |
  469.950    15  7231 |    0.0162    8.2625 |
  470.925    15  7246 |    0.0160    8.2785 |
  471.900    15  7261 |    0.0160    8.2945 |
  472.875    15  7276 |    0.0159    8.3104 |
  473.850    15  7291 |    0.0160    8.3265 |
  474.825    15  7306 |    0.0160    8.3424 |
  475.800    15  7321 |    0.0160    8.3584 |
  476.775    15  7336 |    0.0161    8.3745 |
  477.750    15  7351 |    0.0160    8.3905 |
  478.725    15  7366 |    0.0161    8.4066 |
  479.700    15  7381 |    0.0161    8.4227 |
  480.675    15  7396 |    0.0159    8.4386 |
  481.650    15  7411 |    0.0160    8.4546 |
  482.625    15  7426 |    0.0160    8.4706 |
  483.600    15  7441 |    0.0160    8.4866 |
  484.575    15  7456 |    0.0159    8.5025 |
  485.550    15  7471 |    0.0161    8.5186 |
  486.525    15  7486 |    0.0161    8.5347 |
  487.500    15  7501 |    0.0159    8.5507 |
  488.475    15  7516 |    0.0161    8.5668 |
  489.450    15  7531 |    0.0160    8.5828 |
  490.425    15  7546 |    0.0162    8.5990 |
  491.400    15  7561 |    0.0160    8.6150 |
  492.375    15  7576 |    0.0214    8.6364 |
  493.350    15  7591 |    0.0160    8.6524 |
  494.325    15  7606 |    0.0160    8.6684 |
  495.300    15  7621 |    0.0160    8.6843 |
  496.275    15  7636 |    0.0161    8.7004 |
  497.250    15  7651 |    0.0162    8.7166 |
  498.225    15  7666 |    0.0165    8.7330 |
  499.200    15  7681 |    0.0166    8.7497 |
  500.175    15  7696 |    0.0161    8.7658 |
  501.150    15  7711 |    0.0159    8.7818 |
  502.125    15  7726 |    0.0160    8.7978 |
  503.100    15  7741 |    0.0160    8.8137 |
  504.075    15  7756 |    0.0160    8.8298 |
  505.050    15  7771 |    0.0161    8.8458 |
  506.025    15  7786 |    0.0165    8.8623 |
  507.000    15  7801 |    0.0166    8.8789 |
  507.975    15  7816 |    0.0160    8.8949 |
  508.950    15  7831 |    0.0160    8.9109 |
  509.925    15  7846 |    0.0159    8.9268 |
  510.900    15  7861 |    0.0161    8.9429 |
  511.875    15  7876 |    0.0161    8.9590 |
  512.850    15  7891 |    0.0159    8.9749 |
  513.825    15  7906 |    0.0160    8.9909 |
  514.800    15  7921 |    0.0158    9.0067 |
  515.775    15  7936 |    0.0160    9.0228 |
  516.750    15  7951 |    0.0167    9.0395 |
  517.725    15  7966 |    0.0160    9.0555 |
  518.700    15  7981 |    0.0161    9.0716 |
  519.675    15  7996 |    0.0160    9.0876 |
  520.650    15  8011 |    0.0160    9.1036 |
  521.625    15  8026 |    0.0161    9.1197 |
  522.600    15  8041 |    0.0162    9.1359 |
  523.575    15  8056 |    0.0159    9.1518 |
  524.550    15  8071 |    0.0160    9.1678 |
  525.525    15  8086 |    0.0162    9.1840 |
  526.500    15  8101 |    0.0160    9.2000 |
  527.475    15  8116 |    0.0163    9.2163 |
  528.450    15  8131 |    0.0161    9.2323 |
  529.425    15  8146 |    0.0159    9.2483 |
  530.400    15  8161 |    0.0161    9.2643 |
  531.375    15  8176 |    0.0159    9.2802 |
  532.350    15  8191 |    0.0159    9.2962 |
  533.325    15  8206 |    0.0160    9.3122 |
  534.300    15  8221 |    0.0161    9.3282 |
  535.275    15  8236 |    0.0159    9.3442 |
  536.250    15  8251 |    0.0162    9.3604 |
  537.225    15  8266 |    0.0161    9.3764 |
  538.200    15  8281 |    0.0161    9.3925 |
  539.175    15  8296 |    0.0161    9.4086 |
  540.150    15  8311 |    0.0162    9.4247 |
  541.125    15  8326 |    0.0159    9.4406 |
  542.100    15  8341 |    0.0160    9.4567 |
  543.075    15  8356 |    0.0160    9.4726 |
  544.050    15  8371 |    0.0159    9.4886 |
  545.025    15  8386 |    0.0163    9.5048 |
  546.000    15  8401 |    0.0160    9.5208 |
  546.975    15  8416 |    0.0160    9.5368 |
  547.950    15  8431 |    0.0160    9.5528 |
  548.925    15  8446 |    0.0160    9.5688 |
  549.900    15  8461 |    0.0160    9.5848 |
  550.875    15  8476 |    0.0159    9.6007 |
  551.850    15  8491 |    0.0160    9.6167 |
  552.825    15  8506 |    0.0161    9.6328 |
  553.800    15  8521 |    0.0161    9.6490 |
  554.775    15  8536 |    0.0162    9.6652 |
  555.750    15  8551 |    0.0162    9.6814 |
  556.725    15  8566 |    0.0160    9.6974 |
  557.700    15  8581 |    0.0159    9.7133 |
  558.675    15  8596 |    0.0159    9.7292 |
  559.650    15  8611 |    0.0160    9.7452 |
  560.625    15  8626 |    0.0161    9.7613 |
  561.600    15  8641 |    0.0159    9.7772 |
  562.575    15  8656 |    0.0161    9.7932 |
  563.550    15  8671 |    0.0160    9.8093 |
  564.525    15  8686 |    0.0161    9.8254 |
  565.500    15  8701 |    0.0159    9.8413 |
  566.475    15  8716 |    0.0159    9.8572 |
  567.450    15  8731 |    0.0160    9.8732 |
  568.425    15  8746 |    0.0160    9.8892 |
  569.400    15  8761 |    0.0159    9.9051 |
  570.375    15  8776 |    0.0160    9.9211 |
  571.350    15  8791 |    0.0160    9.9370 |
  572.325    15  8806 |    0.0159    9.9530 |
  573.300    15  8821 |    0.0160    9.9690 |
  574.275    15  8836 |    0.0159    9.9849 |
  575.250    15  8851 |    0.0161   10.0009 |
  576.225    15  8866 |    0.0160   10.0170 |
  577.200    15  8881 |    0.0160   10.0330 |
  578.175    15  8896 |    0.0161   10.0491 |
  579.150    15  8911 |    0.0160   10.0652 |
  580.125    15  8926 |    0.0160   10.0811 |
  581.100    15  8941 |    0.0161   10.0972 |
  582.075    15  8956 |    0.0161   10.1133 |
  583.050    15  8971 |    0.0159   10.1293 |
  584.025    15  8986 |    0.0160   10.1452 |
  585.000    15  9001 |    0.0159   10.1611 |
  585.975    15  9016 |    0.0162   10.1773 |
  586.950    15  9031 |    0.0159   10.1932 |
  587.925    15  9046 |    0.0161   10.2093 |
  588.900    15  9061 |    0.0160   10.2253 |
  589.875    15  9076 |    0.0160   10.2412 |
  590.850    15  9091 |    0.0159   10.2571 |
  591.825    15  9106 |    0.0159   10.2731 |
  592.800    15  9121 |    0.0159   10.2890 |
  593.775    15  9136 |    0.0159   10.3049 |
  594.750    15  9151 |    0.0165   10.3214 |
  595.725    15  9166 |    0.0160   10.3374 |
  596.700    15  9181 |    0.0160   10.3533 |
  597.675    15  9196 |    0.0159   10.3693 |
  598.650    15  9211 |    0.0160   10.3852 |
  599.625    15  9226 |    0.0160   10.4012 |
  600.600    15  9241 |    0.0159   10.4171 |
  601.575    15  9256 |    0.0159   10.4330 |
  602.550    15  9271 |    0.0159   10.4490 |
  603.525    15  9286 |    0.0160   10.4649 |
  604.500    15  9301 |    0.0160   10.4810 |
  605.475    15  9316 |    0.0160   10.4970 |
  606.450    15  9331 |    0.0162   10.5131 |
  607.425    15  9346 |    0.0162   10.5293 |
  608.400    15  9361 |    0.0161   10.5455 |
  609.375    15  9376 |    0.0165   10.5620 |
  610.350    15  9391 |    0.0165   10.5785 |
  611.325    15  9406 |    0.0164   10.5949 |
  612.300    15  9421 |    0.0161   10.6110 |
  613.275    15  9436 |    0.0161   10.6271 |
  614.250    15  9451 |    0.0162   10.6433 |
  615.225    15  9466 |    0.0160   10.6592 |
  616.200    15  9481 |    0.0164   10.6756 |
  617.175    15  9496 |    0.0164   10.6920 |
  618.150    15  9511 |    0.0161   10.7081 |
  619.125    15  9526 |    0.0160   10.7240 |
  620.100    15  9541 |    0.0160   10.7400 |
  621.075    15  9556 |    0.0160   10.7560 |
  622.050    15  9571 |    0.0161   10.7721 |
  623.025    15  9586 |    0.0160   10.7881 |
  624.000    15  9601 |    0.0160   10.8041 |
  624.975    15  9616 |    0.0159   10.8199 |
  625.950    15  9631 |    0.0159   10.8358 |
  626.925    15  9646 |    0.0162   10.8521 |
  627.900    15  9661 |    0.0159   10.8680 |
  628.875    15  9676 |    0.0160   10.8840 |
  629.850    15  9691 |    0.0160   10.9000 |
  630.825    15  9706 |    0.0160   10.9160 |
  631.800    15  9721 |    0.0159   10.9319 |
  632.775    15  9736 |    0.0159   10.9478 |
  633.750    15  9751 |    0.0162   10.9640 |
  634.725    15  9766 |    0.0159   10.9799 |
  635.700    15  9781 |    0.0159   10.9959 |
  636.675    15  9796 |    0.0162   11.0121 |
  637.650    15  9811 |    0.0159   11.0280 |
  638.625    15  9826 |    0.0160   11.0439 |
  639.600    15  9841 |    0.0165   11.0604 |
  640.575    15  9856 |    0.0160   11.0765 |
  641.550    15  9871 |    0.0161   11.0925 |
  642.525    15  9886 |    0.0160   11.1086 |
  643.500    15  9901 |    0.0159   11.1244 |
  644.475    15  9916 |    0.0160   11.1404 |
  645.450    15  9931 |    0.0160   11.1564 |
  646.425    15  9946 |    0.0160   11.1724 |
  647.400    15  9961 |    0.0160   11.1884 |
  648.375    15  9976 |    0.0159   11.2043 |
  649.350    15  9991 |    0.0160   11.2203 |
  650.325    15 10006 |    0.0159   11.2362 |
  651.300    15 10021 |    0.0160   11.2522 |
  652.275    15 10036 |    0.0162   11.2684 |
  653.250    15 10051 |    0.0160   11.2843 |
  654.225    15 10066 |    0.0160   11.3003 |
  655.200    15 10081 |    0.0159   11.3163 |
  656.175    15 10096 |    0.0159   11.3322 |
  657.150    15 10111 |    0.0161   11.3482 |
  658.125    15 10126 |    0.0160   11.3643 |
  659.100    15 10141 |    0.0160   11.3803 |
  660.075    15 10156 |    0.0160   11.3963 |
  661.050    15 10171 |    0.0159   11.4122 |
  662.025    15 10186 |    0.0159   11.4281 |
  663.000    15 10201 |    0.0160   11.4441 |
  663.975    15 10216 |    0.0160   11.4602 |
  664.950    15 10231 |    0.0159   11.4761 |
  665.925    15 10246 |    0.0159   11.4921 |
  666.900    15 10261 |    0.0160   11.5080 |
  667.875    15 10276 |    0.0160   11.5240 |
  668.850    15 10291 |    0.0161   11.5401 |
  669.825    15 10306 |    0.0162   11.5563 |
  670.800    15 10321 |    0.0161   11.5724 |
  671.775    15 10336 |    0.0159   11.5883 |
  672.750    15 10351 |    0.0159   11.6042 |
  673.725    15 10366 |    0.0160   11.6202 |
  674.700    15 10381 |    0.0161   11.6363 |
  675.675    15 10396 |    0.0160   11.6522 |
  676.650    15 10411 |    0.0160   11.6682 |
  677.625    15 10426 |    0.0159   11.6841 |
  678.600    15 10441 |    0.0160   11.7001 |
  679.575    15 10456 |    0.0159   11.7160 |
  680.550    15 10471 |    0.0162   11.7322 |
  681.525    15 10486 |    0.0159   11.7481 |
  682.500    15 10501 |    0.0172   11.7653 |
  683.475    15 10516 |    0.0160   11.7813 |
  684.450    15 10531 |    0.0159   11.7972 |
  685.425    15 10546 |    0.0160   11.8132 |
  686.400    15 10561 |    0.0159   11.8291 |
  687.375    15 10576 |    0.0161   11.8451 |
  688.350    15 10591 |    0.0164   11.8615 |
  689.325    15 10606 |    0.0160   11.8775 |
  690.300    15 10621 |    0.0162   11.8937 |
  691.275    15 10636 |    0.0159   11.9096 |
  692.250    15 10651 |    0.0161   11.9257 |
  693.225    15 10666 |    0.0160   11.9417 |
  694.200    15 10681 |    0.0159   11.9576 |
  695.175    15 10696 |    0.0160   11.9736 |
  696.150    15 10711 |    0.0160   11.9896 |
  697.125    15 10726 |    0.0160   12.0056 |
  698.100    15 10741 |    0.0163   12.0219 |
  699.075    15 10756 |    0.0159   12.0378 |
  700.050    15 10771 |    0.0160   12.0538 |
  701.025    15 10786 |    0.0160   12.0698 |
  702.000    15 10801 |    0.0160   12.0858 |
  702.975    15 10816 |    0.0161   12.1019 |
  703.950    15 10831 |    0.0160   12.1179 |
  704.925    15 10846 |    0.0159   12.1337 |
  705.900    15 10861 |    0.0160   12.1497 |
  706.875    15 10876 |    0.0161   12.1658 |
  707.850    15 10891 |    0.0158   12.1817 |
  708.825    15 10906 |    0.0159   12.1976 |
  709.800    15 10921 |    0.0160   12.2136 |
  710.775    15 10936 |    0.0159   12.2294 |
  711.750    15 10951 |    0.0159   12.2454 |
  712.725    15 10966 |    0.0159   12.2613 |
  713.700    15 10981 |    0.0159   12.2772 |
  714.675    15 10996 |    0.0160   12.2932 |
  715.650    15 11011 |    0.0161   12.3093 |
  716.625    15 11026 |    0.0160   12.3253 |
  717.600    15 11041 |    0.0165   12.3418 |
  718.575    15 11056 |    0.0160   12.3578 |
  719.550    15 11071 |    0.0158   12.3736 |
  720.525    15 11086 |    0.0159   12.3895 |
  721.500    15 11101 |    0.0161   12.4056 |
  722.475    15 11116 |    0.0163   12.4220 |
  723.450    15 11131 |    0.0163   12.4382 |
  724.425    15 11146 |    0.0160   12.4543 |
  725.400    15 11161 |    0.0160   12.4702 |
  726.375    15 11176 |    0.0161   12.4863 |
  727.350    15 11191 |    0.0162   12.5025 |
  728.325    15 11206 |    0.0159   12.5185 |
  729.300    15 11221 |    0.0160   12.5345 |
  730.275    15 11236 |    0.0160   12.5505 |
  731.250    15 11251 |    0.0160   12.5665 |
  732.225    15 11266 |    0.0159   12.5824 |
  733.200    15 11281 |    0.0161   12.5985 |
  734.175    15 11296 |    0.0161   12.6146 |
  735.150    15 11311 |    0.0160   12.6306 |
  736.125    15 11326 |    0.0159   12.6466 |
  737.100    15 11341 |    0.0161   12.6626 |
  738.075    15 11356 |    0.0159   12.6786 |
  739.050    15 11371 |    0.0159   12.6945 |
  740.025    15 11386 |    0.0160   12.7105 |
  741.000    15 11401 |    0.0159   12.7264 |
  741.975    15 11416 |    0.0162   12.7426 |
  742.950    15 11431 |    0.0161   12.7587 |
  743.925    15 11446 |    0.0160   12.7747 |
  744.900    15 11461 |    0.0160   12.7907 |
  745.875    15 11476 |    0.0159   12.8066 |
  746.850    15 11491 |    0.0160   12.8226 |
  747.825    15 11506 |    0.0160   12.8385 |
  748.800    15 11521 |    0.0159   12.8544 |
  749.775    15 11536 |    0.0160   12.8704 |
  750.750    15 11551 |    0.0159   12.8863 |
  751.725    15 11566 |    0.0160   12.9023 |
  752.700    15 11581 |    0.0159   12.9182 |
  753.675    15 11596 |    0.0159   12.9341 |
  754.650    15 11611 |    0.0159   12.9500 |
  755.625    15 11626 |    0.0160   12.9661 |
  756.600    15 11641 |    0.0160   12.9821 |
  757.575    15 11656 |    0.0161   12.9982 |
  758.550    15 11671 |    0.0159   13.0140 |
  759.525    15 11686 |    0.0162   13.0302 |
  760.500    15 11701 |    0.0160   13.0462 |
  761.475    15 11716 |    0.0160   13.0622 |
  762.450    15 11731 |    0.0161   13.0783 |
  763.425    15 11746 |    0.0164   13.0947 |
  764.400    15 11761 |    0.0160   13.1107 |
  765.375    15 11776 |    0.0160   13.1267 |
  766.350    15 11791 |    0.0159   13.1427 |
  767.325    15 11806 |    0.0159   13.1586 |
  768.300    15 11821 |    0.0163   13.1749 |
  769.275    15 11836 |    0.0162   13.1911 |
  770.250    15 11851 |    0.0161   13.2072 |
  771.225    15 11866 |    0.0160   13.2232 |
  772.200    15 11881 |    0.0159   13.2391 |
  773.175    15 11896 |    0.0160   13.2550 |
  774.150    15 11911 |    0.0160   13.2711 |
  775.125    15 11926 |    0.0159   13.2870 |
  776.100    15 11941 |    0.0159   13.3029 |
  777.075    15 11956 |    0.0161   13.3190 |
  778.050    15 11971 |    0.0159   13.3349 |
  779.025    15 11986 |    0.0160   13.3508 |
  780.000    15 12001 |    0.0160   13.3668 |
  780.975    15 12016 |    0.0160   13.3828 |
  781.950    15 12031 |    0.0163   13.3991 |
  782.925    15 12046 |    0.0166   13.4157 |
  783.900    15 12061 |    0.0159   13.4316 |
  784.875    15 12076 |    0.0159   13.4475 |
  785.850    15 12091 |    0.0162   13.4638 |
  786.825    15 12106 |    0.0159   13.4796 |
  787.800    15 12121 |    0.0160   13.4957 |
  788.775    15 12136 |    0.0160   13.5116 |
  789.750    15 12151 |    0.0160   13.5276 |
  790.725    15 12166 |    0.0161   13.5437 |
  791.700    15 12181 |    0.0162   13.5599 |
  792.675    15 12196 |    0.0161   13.5760 |
  793.650    15 12211 |    0.0159   13.5919 |
  794.625    15 12226 |    0.0159   13.6079 |
  795.600    15 12241 |    0.0162   13.6240 |
  796.575    15 12256 |    0.0168   13.6408 |
  797.550    15 12271 |    0.0159   13.6567 |
  798.525    15 12286 |    0.0159   13.6727 |
  799.500    15 12301 |    0.0160   13.6887 |
  800.475    15 12316 |    0.0161   13.7047 |
  801.450    15 12331 |    0.0160   13.7207 |
  802.425    15 12346 |    0.0160   13.7368 |
  803.400    15 12361 |    0.0161   13.7528 |
  804.375    15 12376 |    0.0159   13.7687 |
  805.350    15 12391 |    0.0162   13.7849 |
  806.325    15 12406 |    0.0159   13.8008 |
  807.300    15 12421 |    0.0160   13.8167 |
  808.275    15 12436 |    0.0159   13.8327 |
  809.250    15 12451 |    0.0160   13.8487 |
  810.225    15 12466 |    0.0167   13.8654 |
  811.200    15 12481 |    0.0160   13.8814 |
  812.175    15 12496 |    0.0159   13.8973 |
  813.150    15 12511 |    0.0160   13.9133 |
  814.125    15 12526 |    0.0163   13.9297 |
  815.100    15 12541 |    0.0159   13.9455 |
  816.075    15 12556 |    0.0160   13.9615 |
  817.050    15 12571 |    0.0159   13.9774 |
  818.025    15 12586 |    0.0161   13.9935 |
  819.000    15 12601 |    0.0161   14.0096 |
  819.975    15 12616 |    0.0161   14.0256 |
  820.950    15 12631 |    0.0160   14.0417 |
  821.925    15 12646 |    0.0159   14.0576 |
  822.900    15 12661 |    0.0159   14.0735 |
  823.875    15 12676 |    0.0160   14.0895 |
  824.850    15 12691 |    0.0161   14.1056 |
  825.825    15 12706 |    0.0159   14.1215 |
  826.800    15 12721 |    0.0161   14.1377 |
  827.775    15 12736 |    0.0160   14.1537 |
  828.750    15 12751 |    0.0159   14.1696 |
  829.725    15 12766 |    0.0160   14.1855 |
  830.700    15 12781 |    0.0159   14.2015 |
  831.675    15 12796 |    0.0159   14.2174 |
  832.650    15 12811 |    0.0159   14.2333 |
  833.625    15 12826 |    0.0162   14.2495 |
  834.600    15 12841 |    0.0161   14.2656 |
  835.575    15 12856 |    0.0161   14.2817 |
  836.550    15 12871 |    0.0159   14.2976 |
  837.525    15 12886 |    0.0160   14.3136 |
  838.500    15 12901 |    0.0159   14.3295 |
  839.475    15 12916 |    0.0160   14.3455 |
  840.450    15 12931 |    0.0159   14.3614 |
  841.425    15 12946 |    0.0160   14.3774 |
  842.400    15 12961 |    0.0160   14.3934 |
  843.375    15 12976 |    0.0159   14.4093 |
  844.350    15 12991 |    0.0160   14.4253 |
  845.325    15 13006 |    0.0159   14.4412 |
  846.300    15 13021 |    0.0159   14.4572 |
  847.275    15 13036 |    0.0160   14.4732 |
  848.250    15 13051 |    0.0159   14.4891 |
  849.225    15 13066 |    0.0160   14.5051 |
  850.200    15 13081 |    0.0160   14.5211 |
  851.175    15 13096 |    0.0160   14.5370 |
  852.150    15 13111 |    0.0160   14.5530 |
  853.125    15 13126 |    0.0161   14.5691 |
  854.100    15 13141 |    0.0159   14.5850 |
  855.075    15 13156 |    0.0161   14.6011 |
  856.050    15 13171 |    0.0163   14.6174 |
  857.025    15 13186 |    0.0162   14.6336 |
  858.000    15 13201 |    0.0162   14.6499 |
  858.975    15 13216 |    0.0159   14.6657 |
  859.950    15 13231 |    0.0159   14.6817 |
  860.925    15 13246 |    0.0160   14.6977 |
  861.900    15 13261 |    0.0160   14.7137 |
  862.875    15 13276 |    0.0161   14.7298 |
  863.850    15 13291 |    0.0159   14.7457 |
  864.825    15 13306 |    0.0171   14.7628 |
  865.800    15 13321 |    0.0160   14.7788 |
  866.775    15 13336 |    0.0161   14.7949 |
  867.750    15 13351 |    0.0162   14.8111 |
  868.725    15 13366 |    0.0160   14.8271 |
  869.700    15 13381 |    0.0160   14.8431 |
  870.675    15 13396 |    0.0159   14.8590 |
  871.650    15 13411 |    0.0160   14.8750 |
  872.625    15 13426 |    0.0160   14.8910 |
  873.600    15 13441 |    0.0166   14.9075 |
  874.575    15 13456 |    0.0161   14.9236 |
  875.550    15 13471 |    0.0159   14.9396 |
  876.525    15 13486 |    0.0159   14.9555 |
  877.500    15 13501 |    0.0161   14.9716 |
  878.475    15 13516 |    0.0160   14.9876 |
  879.450    15 13531 |    0.0159   15.0035 |
  880.425    15 13546 |    0.0159   15.0194 |
  881.400    15 13561 |    0.0160   15.0354 |
  882.375    15 13576 |    0.0160   15.0514 |
  883.350    15 13591 |    0.0160   15.0674 |
  884.325    15 13606 |    0.0159   15.0833 |
  885.300    15 13621 |    0.0160   15.0993 |
  886.275    15 13636 |    0.0160   15.1152 |
  887.250    15 13651 |    0.0160   15.1313 |
  888.225    15 13666 |    0.0160   15.1473 |
  889.200    15 13681 |    0.0160   15.1633 |
  890.175    15 13696 |    0.0161   15.1793 |
  891.150    15 13711 |    0.0159   15.1953 |
  892.125    15 13726 |    0.0160   15.2112 |
  893.100    15 13741 |    0.0161   15.2273 |
  894.075    15 13756 |    0.0159   15.2432 |
  895.050    15 13771 |    0.0160   15.2592 |
  896.025    15 13786 |    0.0162   15.2754 |
  897.000    15 13801 |    0.0159   15.2913 |
  897.975    15 13816 |    0.0160   15.3073 |
  898.950    15 13831 |    0.0159   15.3233 |
  899.925    15 13846 |    0.0159   15.3392 |
  900.900    15 13861 |    0.0159   15.3551 |
  901.875    15 13876 |    0.0164   15.3715 |
  902.850    15 13891 |    0.0159   15.3875 |
  903.825    15 13906 |    0.0160   15.4035 |
  904.800    15 13921 |    0.0160   15.4195 |
  905.775    15 13936 |    0.0159   15.4354 |
  906.750    15 13951 |    0.0160   15.4514 |
  907.725    15 13966 |    0.0159   15.4673 |
  908.700    15 13981 |    0.0159   15.4832 |
  909.675    15 13996 |    0.0160   15.4992 |
  910.650    15 14011 |    0.0160   15.5152 |
  911.625    15 14026 |    0.0161   15.5313 |
  912.600    15 14041 |    0.0163   15.5476 |
  913.575    15 14056 |    0.0160   15.5637 |
  914.550    15 14071 |    0.0159   15.5796 |
  915.525    15 14086 |    0.0160   15.5955 |
  916.500    15 14101 |    0.0161   15.6116 |
  917.475    15 14116 |    0.0160   15.6276 |
  918.450    15 14131 |    0.0159   15.6435 |
  919.425    15 14146 |    0.0159   15.6594 |
  920.400    15 14161 |    0.0164   15.6758 |
  921.375    15 14176 |    0.0161   15.6918 |
  922.350    15 14191 |    0.0162   15.7080 |
  923.325    15 14206 |    0.0159   15.7239 |
  924.300    15 14221 |    0.0161   15.7400 |
  925.275    15 14236 |    0.0160   15.7561 |
  926.250    15 14251 |    0.0159   15.7720 |
  927.225    15 14266 |    0.0160   15.7880 |
  928.200    15 14281 |    0.0159   15.8039 |
  929.175    15 14296 |    0.0160   15.8199 |
  930.150    15 14311 |    0.0159   15.8359 |
  931.125    15 14326 |    0.0160   15.8519 |
  932.100    15 14341 |    0.0161   15.8680 |
  933.075    15 14356 |    0.0159   15.8839 |
  934.050    15 14371 |    0.0159   15.8998 |
  935.025    15 14386 |    0.0159   15.9157 |
  936.000    15 14401 |    0.0159   15.9316 |
  936.975    15 14416 |    0.0159   15.9475 |
  937.950    15 14431 |    0.0159   15.9635 |
  938.925    15 14446 |    0.0161   15.9795 |
  939.900    15 14461 |    0.0159   15.9955 |
  940.875    15 14476 |    0.0161   16.0116 |
  941.850    15 14491 |    0.0159   16.0275 |
  942.825    15 14506 |    0.0159   16.0434 |
  943.800    15 14521 |    0.0166   16.0599 |
  944.775    15 14536 |    0.0160   16.0759 |
  945.750    15 14551 |    0.0160   16.0919 |
  946.725    15 14566 |    0.0160   16.1080 |
  947.700    15 14581 |    0.0159   16.1238 |
  948.675    15 14596 |    0.0163   16.1402 |
  949.650    15 14611 |    0.0161   16.1562 |
  950.625    15 14626 |    0.0159   16.1722 |
  951.600    15 14641 |    0.0160   16.1882 |
  952.575    15 14656 |    0.0159   16.2041 |
  953.550    15 14671 |    0.0159   16.2200 |
  954.525    15 14686 |    0.0159   16.2359 |
  955.500    15 14701 |    0.0161   16.2520 |
  956.475    15 14716 |    0.0164   16.2684 |
  957.450    15 14731 |    0.0161   16.2845 |
  958.425    15 14746 |    0.0160   16.3004 |
  959.400    15 14761 |    0.0159   16.3164 |
  960.375    15 14776 |    0.0160   16.3324 |
  961.350    15 14791 |    0.0159   16.3483 |
  962.325    15 14806 |    0.0159   16.3642 |
  963.300    15 14821 |    0.0159   16.3801 |
  964.275    15 14836 |    0.0160   16.3961 |
  965.250    15 14851 |    0.0160   16.4122 |
  966.225    15 14866 |    0.0163   16.4285 |
  967.200    15 14881 |    0.0161   16.4445 |
  968.175    15 14896 |    0.0160   16.4605 |
  969.150    15 14911 |    0.0160   16.4765 |
  970.125    15 14926 |    0.0159   16.4925 |
  971.100    15 14941 |    0.0160   16.5085 |
  972.075    15 14956 |    0.0159   16.5243 |
  973.050    15 14971 |    0.0159   16.5402 |
  974.025    15 14986 |    0.0159   16.5561 |
  975.000    15 15001 |    0.0161   16.5722 |
  975.975    15 15016 |    0.0160   16.5882 |
  976.950    15 15031 |    0.0159   16.6041 |
  977.925    15 15046 |    0.0160   16.6201 |
  978.900    15 15061 |    0.0161   16.6362 |
  979.875    15 15076 |    0.0159   16.6521 |
  980.850    15 15091 |    0.0159   16.6680 |
  981.825    15 15106 |    0.0159   16.6840 |
  982.800    15 15121 |    0.0161   16.7000 |
  983.775    15 15136 |    0.0162   16.7162 |
  984.750    15 15151 |    0.0162   16.7325 |
  985.725    15 15166 |    0.0160   16.7485 |
  986.700    15 15181 |    0.0160   16.7645 |
  987.675    15 15196 |    0.0162   16.7807 |
  988.650    15 15211 |    0.0161   16.7967 |
  989.625    15 15226 |    0.0160   16.8127 |
  990.600    15 15241 |    0.0164   16.8291 |
  991.575    15 15256 |    0.0170   16.8461 |
  992.550    15 15271 |    0.0166   16.8627 |
  993.525    15 15286 |    0.0166   16.8793 |
  994.500    15 15301 |    0.0166   16.8959 |
  995.475    15 15316 |    0.0164   16.9124 |
  996.450    15 15331 |    0.0163   16.9287 |
  997.425    15 15346 |    0.0162   16.9449 |
  998.400    15 15361 |    0.0165   16.9614 |
  999.375    15 15376 |    0.0163   16.9777 |
