          ----- ----- -------  -----  ----- | ---- ----- --------- --------- --------- |
          mn it mx it  avg it    its  ttits |   ss    ts        st      stps     stpit |
    0.000     0     0     0.0      0      0 |    1     1    0.0166    0.0166    0.0000 |
    0.975     0     0     0.0      0      0 |   15    16    0.0665    0.0044    0.0000 |
    1.950     0     0     0.0      0      0 |   15    31    0.0665    0.0044    0.0000 |
    2.925     0     0     0.0      0      0 |   15    46    0.0664    0.0044    0.0000 |
    3.900     0     0     0.0      0      0 |   15    61    0.0669    0.0045    0.0000 |
    4.875     0     0     0.0      0      0 |   15    76    0.0666    0.0044    0.0000 |
    5.850     0     0     0.0      0      0 |   15    91    0.0667    0.0044    0.0000 |
    6.825     0     0     0.0      0      0 |   15   106    0.0666    0.0044    0.0000 |
    7.800     0     0     0.0      0      0 |   15   121    0.0670    0.0045    0.0000 |
    8.775     0     0     0.0      0      0 |   15   136    0.0666    0.0044    0.0000 |
    9.750     0     0     0.0      0      0 |   15   151    0.0666    0.0044    0.0000 |
   10.725     0     0     0.0      0      0 |   15   166    0.0667    0.0044    0.0000 |
   11.700     0     0     0.0      0      0 |   15   181    0.0666    0.0044    0.0000 |
   12.675     0     0     0.0      0      0 |   15   196    0.0663    0.0044    0.0000 |
   13.650     0     0     0.0      0      0 |   15   211    0.0668    0.0045    0.0000 |
   14.625     0     0     0.0      0      0 |   15   226    0.0666    0.0044    0.0000 |
   15.600     0     0     0.0      0      0 |   15   241    0.0688    0.0046    0.0000 |
   16.575     0     0     0.0      0      0 |   15   256    0.0666    0.0044    0.0000 |
   17.550     0     0     0.0      0      0 |   15   271    0.0668    0.0045    0.0000 |
   18.525     0     0     0.0      0      0 |   15   286    0.0665    0.0044    0.0000 |
   19.500     0     0     0.0      0      0 |   15   301    0.0671    0.0045    0.0000 |
   20.475     0     0     0.0      0      0 |   15   316    0.0665    0.0044    0.0000 |
   21.450     0     0     0.0      0      0 |   15   331    0.0667    0.0044    0.0000 |
   22.425     0     0     0.0      0      0 |   15   346    0.0665    0.0044    0.0000 |
   23.400     0     0     0.0      0      0 |   15   361    0.0668    0.0045    0.0000 |
   24.375     0     0     0.0      0      0 |   15   376    0.0668    0.0045    0.0000 |
   25.350     0     0     0.0      0      0 |   15   391    0.0665    0.0044    0.0000 |
   26.325     0     0     0.0      0      0 |   15   406    0.0667    0.0044    0.0000 |
   27.300     0     0     0.0      0      0 |   15   421    0.0666    0.0044    0.0000 |
   28.275     0     0     0.0      0      0 |   15   436    0.0666    0.0044    0.0000 |
   29.250     0     0     0.0      0      0 |   15   451    0.0669    0.0045    0.0000 |
   30.225     0     0     0.0      0      0 |   15   466    0.0676    0.0045    0.0000 |
   31.200     0     0     0.0      0      0 |   15   481    0.0665    0.0044    0.0000 |
   32.175     0     0     0.0      0      0 |   15   496    0.0674    0.0045    0.0000 |
   33.150     0     0     0.0      0      0 |   15   511    0.0675    0.0045    0.0000 |
   34.125     0     0     0.0      0      0 |   15   526    0.0667    0.0044    0.0000 |
   35.100     0     0     0.0      0      0 |   15   541    0.0665    0.0044    0.0000 |
   36.075     0     0     0.0      0      0 |   15   556    0.0667    0.0044    0.0000 |
   37.050     0     0     0.0      0      0 |   15   571    0.0665    0.0044    0.0000 |
   38.025     0     0     0.0      0      0 |   15   586    0.0670    0.0045    0.0000 |
   39.000     0     0     0.0      0      0 |   15   601    0.0671    0.0045    0.0000 |
   39.975     0     0     0.0      0      0 |   15   616    0.0665    0.0044    0.0000 |
   40.950     0     0     0.0      0      0 |   15   631    0.0669    0.0045    0.0000 |
   41.925     0     0     0.0      0      0 |   15   646    0.0666    0.0044    0.0000 |
   42.900     0     0     0.0      0      0 |   15   661    0.0664    0.0044    0.0000 |
   43.875     0     0     0.0      0      0 |   15   676    0.0665    0.0044    0.0000 |
   44.850     0     0     0.0      0      0 |   15   691    0.0674    0.0045    0.0000 |
   45.825     0     0     0.0      0      0 |   15   706    0.0665    0.0044    0.0000 |
   46.800     0     0     0.0      0      0 |   15   721    0.0671    0.0045    0.0000 |
   47.775     0     0     0.0      0      0 |   15   736    0.0666    0.0044    0.0000 |
   48.750     0     0     0.0      0      0 |   15   751    0.0670    0.0045    0.0000 |
   49.725     0     0     0.0      0      0 |   15   766    0.0668    0.0045    0.0000 |
   50.700     0     4     2.9     44     44 |   15   781    0.2156    0.0144    0.0049 |
   51.675     4     4     4.0     60    104 |   15   796    0.2685    0.0179    0.0045 |
   52.650     4     4     4.0     60    164 |   15   811    0.2674    0.0178    0.0045 |
   53.625     4     4     4.0     60    224 |   15   826    0.2711    0.0181    0.0045 |
   54.600     4     4     4.0     60    284 |   15   841    0.2665    0.0178    0.0044 |
   55.575     4     4     4.0     60    344 |   15   856    0.2680    0.0179    0.0045 |
   56.550     4     4     4.0     60    404 |   15   871    0.2664    0.0178    0.0044 |
   57.525     4     4     4.0     60    464 |   15   886    0.2657    0.0177    0.0044 |
   58.500     4     4     4.0     60    524 |   15   901    0.2669    0.0178    0.0044 |
   59.475     4     4     4.0     60    584 |   15   916    0.2662    0.0177    0.0044 |
   60.450     4     4     4.0     60    644 |   15   931    0.2662    0.0177    0.0044 |
   61.425     4     4     4.0     60    704 |   15   946    0.2669    0.0178    0.0044 |
   62.400     4     4     4.0     60    764 |   15   961    0.2658    0.0177    0.0044 |
   63.375     4     4     4.0     60    824 |   15   976    0.2670    0.0178    0.0044 |
   64.350     4     4     4.0     60    884 |   15   991    0.2663    0.0178    0.0044 |
   65.325     4     4     4.0     60    944 |   15  1006    0.2662    0.0177    0.0044 |
   66.300     4     4     4.0     60   1004 |   15  1021    0.2668    0.0178    0.0044 |
   67.275     4     4     4.0     60   1064 |   15  1036    0.2668    0.0178    0.0044 |
   68.250     4     4     4.0     60   1124 |   15  1051    0.2665    0.0178    0.0044 |
   69.225     4     4     4.0     60   1184 |   15  1066    0.2653    0.0177    0.0044 |
   70.200     4     4     4.0     60   1244 |   15  1081    0.2692    0.0179    0.0045 |
   71.175     4     4     4.0     60   1304 |   15  1096    0.2664    0.0178    0.0044 |
   72.150     4     4     4.0     60   1364 |   15  1111    0.2662    0.0177    0.0044 |
   73.125     4     4     4.0     60   1424 |   15  1126    0.2671    0.0178    0.0045 |
   74.100     4     4     4.0     60   1484 |   15  1141    0.2659    0.0177    0.0044 |
   75.075     4     4     4.0     60   1544 |   15  1156    0.2666    0.0178    0.0044 |
   76.050     4     4     4.0     60   1604 |   15  1171    0.2666    0.0178    0.0044 |
   77.025     4     4     4.0     60   1664 |   15  1186    0.2680    0.0179    0.0045 |
   78.000     4     4     4.0     60   1724 |   15  1201    0.2653    0.0177    0.0044 |
   78.975     4     4     4.0     60   1784 |   15  1216    0.2651    0.0177    0.0044 |
   79.950     4     4     4.0     60   1844 |   15  1231    0.2664    0.0178    0.0044 |
   80.925     4     4     4.0     60   1904 |   15  1246    0.2651    0.0177    0.0044 |
   81.900     4     4     4.0     60   1964 |   15  1261    0.2669    0.0178    0.0044 |
   82.875     4     4     4.0     60   2024 |   15  1276    0.2657    0.0177    0.0044 |
   83.850     4     4     4.0     60   2084 |   15  1291    0.2667    0.0178    0.0044 |
   84.825     4     4     4.0     60   2144 |   15  1306    0.2654    0.0177    0.0044 |
   85.800     4     4     4.0     60   2204 |   15  1321    0.2654    0.0177    0.0044 |
   86.775     4     4     4.0     60   2264 |   15  1336    0.2692    0.0179    0.0045 |
   87.750     4     4     4.0     60   2324 |   15  1351    0.2661    0.0177    0.0044 |
   88.725     4     4     4.0     60   2384 |   15  1366    0.2657    0.0177    0.0044 |
   89.700     4     4     4.0     60   2444 |   15  1381    0.2650    0.0177    0.0044 |
   90.675     4     4     4.0     60   2504 |   15  1396    0.2660    0.0177    0.0044 |
   91.650     4     4     4.0     60   2564 |   15  1411    0.2649    0.0177    0.0044 |
   92.625     4     4     4.0     60   2624 |   15  1426    0.2644    0.0176    0.0044 |
   93.600     4     4     4.0     60   2684 |   15  1441    0.2655    0.0177    0.0044 |
   94.575     4     4     4.0     60   2744 |   15  1456    0.2677    0.0178    0.0045 |
   95.550     4     4     4.0     60   2804 |   15  1471    0.2879    0.0192    0.0048 |
   96.525     4     4     4.0     60   2864 |   15  1486    0.2664    0.0178    0.0044 |
   97.500     4     4     4.0     60   2924 |   15  1501    0.2648    0.0177    0.0044 |
   98.475     4     4     4.0     60   2984 |   15  1516    0.2653    0.0177    0.0044 |
   99.450     4     4     4.0     60   3044 |   15  1531    0.2652    0.0177    0.0044 |
  100.425     4     4     4.0     60   3104 |   15  1546    0.2659    0.0177    0.0044 |
  101.400     4     4     4.0     60   3164 |   15  1561    0.2645    0.0176    0.0044 |
  102.375     4     4     4.0     60   3224 |   15  1576    0.2658    0.0177    0.0044 |
  103.350     4     4     4.0     60   3284 |   15  1591    0.2685    0.0179    0.0045 |
  104.325     4     4     4.0     60   3344 |   15  1606    0.2666    0.0178    0.0044 |
  105.300     4     4     4.0     60   3404 |   15  1621    0.2672    0.0178    0.0045 |
  106.275     4     4     4.0     60   3464 |   15  1636    0.2669    0.0178    0.0044 |
  107.250     4     4     4.0     60   3524 |   15  1651    0.2658    0.0177    0.0044 |
  108.225     4     4     4.0     60   3584 |   15  1666    0.2654    0.0177    0.0044 |
  109.200     4     4     4.0     60   3644 |   15  1681    0.2671    0.0178    0.0045 |
  110.175     4     4     4.0     60   3704 |   15  1696    0.2674    0.0178    0.0045 |
  111.150     4     4     4.0     60   3764 |   15  1711    0.2646    0.0176    0.0044 |
  112.125     4     4     4.0     60   3824 |   15  1726    0.2661    0.0177    0.0044 |
  113.100     4     4     4.0     60   3884 |   15  1741    0.2658    0.0177    0.0044 |
  114.075     4     4     4.0     60   3944 |   15  1756    0.2661    0.0177    0.0044 |
  115.050     4     4     4.0     60   4004 |   15  1771    0.2653    0.0177    0.0044 |
  116.025     4     4     4.0     60   4064 |   15  1786    0.2667    0.0178    0.0044 |
  117.000     4     4     4.0     60   4124 |   15  1801    0.2655    0.0177    0.0044 |
  117.975     4     4     4.0     60   4184 |   15  1816    0.2652    0.0177    0.0044 |
  118.950     4     4     4.0     60   4244 |   15  1831    0.2662    0.0177    0.0044 |
  119.925     4     4     4.0     60   4304 |   15  1846    0.2685    0.0179    0.0045 |
  120.900     4     4     4.0     60   4364 |   15  1861    0.2662    0.0177    0.0044 |
  121.875     4     4     4.0     60   4424 |   15  1876    0.2650    0.0177    0.0044 |
  122.850     4     4     4.0     60   4484 |   15  1891    0.2674    0.0178    0.0045 |
  123.825     4     4     4.0     60   4544 |   15  1906    0.2646    0.0176    0.0044 |
  124.800     4     4     4.0     60   4604 |   15  1921    0.2645    0.0176    0.0044 |
  125.775     4     4     4.0     60   4664 |   15  1936    0.2667    0.0178    0.0044 |
  126.750     4     4     4.0     60   4724 |   15  1951    0.2665    0.0178    0.0044 |
  127.725     4     4     4.0     60   4784 |   15  1966    0.2674    0.0178    0.0045 |
  128.700     4     4     4.0     60   4844 |   15  1981    0.2647    0.0176    0.0044 |
  129.675     4     4     4.0     60   4904 |   15  1996    0.2658    0.0177    0.0044 |
  130.650     4     4     4.0     60   4964 |   15  2011    0.2669    0.0178    0.0044 |
  131.625     4     4     4.0     60   5024 |   15  2026    0.2656    0.0177    0.0044 |
  132.600     4     4     4.0     60   5084 |   15  2041    0.2647    0.0176    0.0044 |
  133.575     4     4     4.0     60   5144 |   15  2056    0.2658    0.0177    0.0044 |
  134.550     4     4     4.0     60   5204 |   15  2071    0.2677    0.0178    0.0045 |
  135.525     4     4     4.0     60   5264 |   15  2086    0.2660    0.0177    0.0044 |
  136.500     4     4     4.0     60   5324 |   15  2101    0.2680    0.0179    0.0045 |
  137.475     4     4     4.0     60   5384 |   15  2116    0.2654    0.0177    0.0044 |
  138.450     4     4     4.0     60   5444 |   15  2131    0.2680    0.0179    0.0045 |
  139.425     4     4     4.0     60   5504 |   15  2146    0.2656    0.0177    0.0044 |
  140.400     4     4     4.0     60   5564 |   15  2161    0.2657    0.0177    0.0044 |
  141.375     4     4     4.0     60   5624 |   15  2176    0.2671    0.0178    0.0045 |
  142.350     4     4     4.0     60   5684 |   15  2191    0.2662    0.0177    0.0044 |
  143.325     4     4     4.0     60   5744 |   15  2206    0.2648    0.0177    0.0044 |
  144.300     4     4     4.0     60   5804 |   15  2221    0.2647    0.0176    0.0044 |
  145.275     4     4     4.0     60   5864 |   15  2236    0.2653    0.0177    0.0044 |
  146.250     4     4     4.0     60   5924 |   15  2251    0.2661    0.0177    0.0044 |
  147.225     4     4     4.0     60   5984 |   15  2266    0.2646    0.0176    0.0044 |
  148.200     4     4     4.0     60   6044 |   15  2281    0.2650    0.0177    0.0044 |
  149.175     4     4     4.0     60   6104 |   15  2296    0.2664    0.0178    0.0044 |
  150.150     4     4     4.0     60   6164 |   15  2311    0.2661    0.0177    0.0044 |
  151.125     4     4     4.0     60   6224 |   15  2326    0.2656    0.0177    0.0044 |
  152.100     4     4     4.0     60   6284 |   15  2341    0.2654    0.0177    0.0044 |
  153.075     4     4     4.0     60   6344 |   15  2356    0.2748    0.0183    0.0046 |
  154.050     4     4     4.0     60   6404 |   15  2371    0.2676    0.0178    0.0045 |
  155.025     4     4     4.0     60   6464 |   15  2386    0.2656    0.0177    0.0044 |
  156.000     4     4     4.0     60   6524 |   15  2401    0.2660    0.0177    0.0044 |
  156.975     4     4     4.0     60   6584 |   15  2416    0.2651    0.0177    0.0044 |
  157.950     4     4     4.0     60   6644 |   15  2431    0.2660    0.0177    0.0044 |
  158.925     4     4     4.0     60   6704 |   15  2446    0.2656    0.0177    0.0044 |
  159.900     4     4     4.0     60   6764 |   15  2461    0.2656    0.0177    0.0044 |
  160.875     4     4     4.0     60   6824 |   15  2476    0.2648    0.0177    0.0044 |
  161.850     4     4     4.0     60   6884 |   15  2491    0.2665    0.0178    0.0044 |
  162.825     4     4     4.0     60   6944 |   15  2506    0.2652    0.0177    0.0044 |
  163.800     4     4     4.0     60   7004 |   15  2521    0.2664    0.0178    0.0044 |
  164.775     4     4     4.0     60   7064 |   15  2536    0.2663    0.0178    0.0044 |
  165.750     4     4     4.0     60   7124 |   15  2551    0.2658    0.0177    0.0044 |
  166.725     4     4     4.0     60   7184 |   15  2566    0.2665    0.0178    0.0044 |
  167.700     4     4     4.0     60   7244 |   15  2581    0.2654    0.0177    0.0044 |
  168.675     4     4     4.0     60   7304 |   15  2596    0.2653    0.0177    0.0044 |
  169.650     4     4     4.0     60   7364 |   15  2611    0.2658    0.0177    0.0044 |
  170.625     4     4     4.0     60   7424 |   15  2626    0.2686    0.0179    0.0045 |
  171.600     4     4     4.0     60   7484 |   15  2641    0.2662    0.0177    0.0044 |
  172.575     4     4     4.0     60   7544 |   15  2656    0.2653    0.0177    0.0044 |
  173.550     4     4     4.0     60   7604 |   15  2671    0.2667    0.0178    0.0044 |
  174.525     4     4     4.0     60   7664 |   15  2686    0.2659    0.0177    0.0044 |
  175.500     4     4     4.0     60   7724 |   15  2701    0.2653    0.0177    0.0044 |
  176.475     4     4     4.0     60   7784 |   15  2716    0.2655    0.0177    0.0044 |
  177.450     4     4     4.0     60   7844 |   15  2731    0.2648    0.0177    0.0044 |
  178.425     4     4     4.0     60   7904 |   15  2746    0.2664    0.0178    0.0044 |
  179.400     4     4     4.0     60   7964 |   15  2761    0.2677    0.0178    0.0045 |
  180.375     4     4     4.0     60   8024 |   15  2776    0.2692    0.0179    0.0045 |
  181.350     4     4     4.0     60   8084 |   15  2791    0.2670    0.0178    0.0044 |
  182.325     4     4     4.0     60   8144 |   15  2806    0.2660    0.0177    0.0044 |
  183.300     4     4     4.0     60   8204 |   15  2821    0.2660    0.0177    0.0044 |
  184.275     4     4     4.0     60   8264 |   15  2836    0.2672    0.0178    0.0045 |
  185.250     4     4     4.0     60   8324 |   15  2851    0.2645    0.0176    0.0044 |
  186.225     4     4     4.0     60   8384 |   15  2866    0.2665    0.0178    0.0044 |
  187.200     4     4     4.0     60   8444 |   15  2881    0.2685    0.0179    0.0045 |
  188.175     4     4     4.0     60   8504 |   15  2896    0.2658    0.0177    0.0044 |
  189.150     4     4     4.0     60   8564 |   15  2911    0.2670    0.0178    0.0045 |
  190.125     4     4     4.0     60   8624 |   15  2926    0.2671    0.0178    0.0045 |
  191.100     4     4     4.0     60   8684 |   15  2941    0.2649    0.0177    0.0044 |
  192.075     4     4     4.0     60   8744 |   15  2956    0.2669    0.0178    0.0044 |
  193.050     4     4     4.0     60   8804 |   15  2971    0.2654    0.0177    0.0044 |
  194.025     4     4     4.0     60   8864 |   15  2986    0.2649    0.0177    0.0044 |
  195.000     4     4     4.0     60   8924 |   15  3001    0.2645    0.0176    0.0044 |
  195.975     4     4     4.0     60   8984 |   15  3016    0.2657    0.0177    0.0044 |
  196.950     4     4     4.0     60   9044 |   15  3031    0.2670    0.0178    0.0044 |
  197.925     4     4     4.0     60   9104 |   15  3046    0.2655    0.0177    0.0044 |
  198.900     4     4     4.0     60   9164 |   15  3061    0.2666    0.0178    0.0044 |
  199.875     4     4     4.0     60   9224 |   15  3076    0.2683    0.0179    0.0045 |
  200.850     4     4     4.0     60   9284 |   15  3091    0.2675    0.0178    0.0045 |
  201.825     4     4     4.0     60   9344 |   15  3106    0.2651    0.0177    0.0044 |
  202.800     4     4     4.0     60   9404 |   15  3121    0.2658    0.0177    0.0044 |
  203.775     3     4     3.6     54   9458 |   15  3136    0.2491    0.0166    0.0046 |
  204.750     3     3     3.0     45   9503 |   15  3151    0.2157    0.0144    0.0048 |
  205.725     3     3     3.0     45   9548 |   15  3166    0.2159    0.0144    0.0048 |
  206.700     3     3     3.0     45   9593 |   15  3181    0.2150    0.0143    0.0048 |
  207.675     3     3     3.0     45   9638 |   15  3196    0.2167    0.0144    0.0048 |
  208.650     3     3     3.0     45   9683 |   15  3211    0.2174    0.0145    0.0048 |
  209.625     3     3     3.0     45   9728 |   15  3226    0.2159    0.0144    0.0048 |
  210.600     3     3     3.0     45   9773 |   15  3241    0.2175    0.0145    0.0048 |
  211.575     3     3     3.0     45   9818 |   15  3256    0.2382    0.0159    0.0053 |
  212.550     3     3     3.0     45   9863 |   15  3271    0.2247    0.0150    0.0050 |
  213.525     3     3     3.0     45   9908 |   15  3286    0.2220    0.0148    0.0049 |
  214.500     3     3     3.0     45   9953 |   15  3301    0.2190    0.0146    0.0049 |
  215.475     3     3     3.0     45   9998 |   15  3316    0.2195    0.0146    0.0049 |
  216.450     3     3     3.0     45  10043 |   15  3331    0.2500    0.0167    0.0056 |
  217.425     3     3     3.0     45  10088 |   15  3346    0.2309    0.0154    0.0051 |
  218.400     3     3     3.0     45  10133 |   15  3361    0.2225    0.0148    0.0049 |
  219.375     3     3     3.0     45  10178 |   15  3376    0.2204    0.0147    0.0049 |
  220.350     3     3     3.0     45  10223 |   15  3391    0.2195    0.0146    0.0049 |
  221.325     3     3     3.0     45  10268 |   15  3406    0.2177    0.0145    0.0048 |
  222.300     3     3     3.0     45  10313 |   15  3421    0.2179    0.0145    0.0048 |
  223.275     3     3     3.0     45  10358 |   15  3436    0.2219    0.0148    0.0049 |
  224.250     3     3     3.0     45  10403 |   15  3451    0.2174    0.0145    0.0048 |
  225.225     3     3     3.0     45  10448 |   15  3466    0.2170    0.0145    0.0048 |
  226.200     3     3     3.0     45  10493 |   15  3481    0.2165    0.0144    0.0048 |
  227.175     3     3     3.0     45  10538 |   15  3496    0.2170    0.0145    0.0048 |
  228.150     3     3     3.0     45  10583 |   15  3511    0.2155    0.0144    0.0048 |
  229.125     3     3     3.0     45  10628 |   15  3526    0.2161    0.0144    0.0048 |
  230.100     3     3     3.0     45  10673 |   15  3541    0.2157    0.0144    0.0048 |
  231.075     3     3     3.0     45  10718 |   15  3556    0.2177    0.0145    0.0048 |
  232.050     3     3     3.0     45  10763 |   15  3571    0.2166    0.0144    0.0048 |
  233.025     3     3     3.0     45  10808 |   15  3586    0.2152    0.0143    0.0048 |
  234.000     3     3     3.0     45  10853 |   15  3601    0.2162    0.0144    0.0048 |
  234.975     3     3     3.0     45  10898 |   15  3616    0.2175    0.0145    0.0048 |
  235.950     3     3     3.0     45  10943 |   15  3631    0.2193    0.0146    0.0049 |
  236.925     3     3     3.0     45  10988 |   15  3646    0.2170    0.0145    0.0048 |
  237.900     3     3     3.0     45  11033 |   15  3661    0.2150    0.0143    0.0048 |
  238.875     3     3     3.0     45  11078 |   15  3676    0.2177    0.0145    0.0048 |
  239.850     3     3     3.0     45  11123 |   15  3691    0.2169    0.0145    0.0048 |
  240.825     3     3     3.0     45  11168 |   15  3706    0.2155    0.0144    0.0048 |
  241.800     3     3     3.0     45  11213 |   15  3721    0.2168    0.0145    0.0048 |
  242.775     3     3     3.0     45  11258 |   15  3736    0.2195    0.0146    0.0049 |
  243.750     3     3     3.0     45  11303 |   15  3751    0.3329    0.0222    0.0074 |
  244.725     3     3     3.0     45  11348 |   15  3766    0.2587    0.0172    0.0057 |
  245.700     3     3     3.0     45  11393 |   15  3781    0.2243    0.0150    0.0050 |
  246.675     3     3     3.0     45  11438 |   15  3796    0.2184    0.0146    0.0049 |
  247.650     3     3     3.0     45  11483 |   15  3811    0.2174    0.0145    0.0048 |
  248.625     3     3     3.0     45  11528 |   15  3826    0.2216    0.0148    0.0049 |
  249.600     3     3     3.0     45  11573 |   15  3841    0.2234    0.0149    0.0050 |
  250.575     3     3     3.0     45  11618 |   15  3856    0.2223    0.0148    0.0049 |
  251.550     3     3     3.0     45  11663 |   15  3871    0.2247    0.0150    0.0050 |
  252.525     3     3     3.0     45  11708 |   15  3886    0.2697    0.0180    0.0060 |
  253.500     3     3     3.0     45  11753 |   15  3901    0.2239    0.0149    0.0050 |
  254.475     3     3     3.0     45  11798 |   15  3916    0.2229    0.0149    0.0050 |
  255.450     3     3     3.0     45  11843 |   15  3931    0.2336    0.0156    0.0052 |
  256.425     3     3     3.0     45  11888 |   15  3946    0.2230    0.0149    0.0050 |
  257.400     3     3     3.0     45  11933 |   15  3961    0.2191    0.0146    0.0049 |
  258.375     3     3     3.0     45  11978 |   15  3976    0.2182    0.0145    0.0048 |
  259.350     3     3     3.0     45  12023 |   15  3991    0.2192    0.0146    0.0049 |
  260.325     3     3     3.0     45  12068 |   15  4006    0.2156    0.0144    0.0048 |
  261.300     3     3     3.0     45  12113 |   15  4021    0.2210    0.0147    0.0049 |
  262.275     3     3     3.0     45  12158 |   15  4036    0.2179    0.0145    0.0048 |
  263.250     3     3     3.0     45  12203 |   15  4051    0.2190    0.0146    0.0049 |
  264.225     3     3     3.0     45  12248 |   15  4066    0.2167    0.0144    0.0048 |
  265.200     3     3     3.0     45  12293 |   15  4081    0.2180    0.0145    0.0048 |
  266.175     3     3     3.0     45  12338 |   15  4096    0.2187    0.0146    0.0049 |
  267.150     3     3     3.0     45  12383 |   15  4111    0.2201    0.0147    0.0049 |
  268.125     3     3     3.0     45  12428 |   15  4126    0.2187    0.0146    0.0049 |
  269.100     3     3     3.0     45  12473 |   15  4141    0.2218    0.0148    0.0049 |
  270.075     3     3     3.0     45  12518 |   15  4156    0.2240    0.0149    0.0050 |
  271.050     3     3     3.0     45  12563 |   15  4171    0.2254    0.0150    0.0050 |
  272.025     3     3     3.0     45  12608 |   15  4186    0.2212    0.0147    0.0049 |
  273.000     3     3     3.0     45  12653 |   15  4201    0.2238    0.0149    0.0050 |
  273.975     3     3     3.0     45  12698 |   15  4216    0.2279    0.0152    0.0051 |
  274.950     3     3     3.0     45  12743 |   15  4231    0.2186    0.0146    0.0049 |
  275.925     3     3     3.0     45  12788 |   15  4246    0.2191    0.0146    0.0049 |
  276.900     3     3     3.0     45  12833 |   15  4261    0.2238    0.0149    0.0050 |
  277.875     3     3     3.0     45  12878 |   15  4276    0.2223    0.0148    0.0049 |
  278.850     3     3     3.0     45  12923 |   15  4291    0.2217    0.0148    0.0049 |
  279.825     3     3     3.0     45  12968 |   15  4306    0.2208    0.0147    0.0049 |
  280.800     3     3     3.0     45  13013 |   15  4321    0.2247    0.0150    0.0050 |
  281.775     3     3     3.0     45  13058 |   15  4336    0.2233    0.0149    0.0050 |
  282.750     3     3     3.0     45  13103 |   15  4351    0.2224    0.0148    0.0049 |
  283.725     3     3     3.0     45  13148 |   15  4366    0.2257    0.0150    0.0050 |
  284.700     3     3     3.0     45  13193 |   15  4381    0.2263    0.0151    0.0050 |
  285.675     3     3     3.0     45  13238 |   15  4396    0.2371    0.0158    0.0053 |
  286.650     3     3     3.0     45  13283 |   15  4411    0.2258    0.0151    0.0050 |
  287.625     3     3     3.0     45  13328 |   15  4426    0.2262    0.0151    0.0050 |
  288.600     3     3     3.0     45  13373 |   15  4441    0.2227    0.0148    0.0049 |
  289.575     3     3     3.0     45  13418 |   15  4456    0.2186    0.0146    0.0049 |
  290.550     3     3     3.0     45  13463 |   15  4471    0.2234    0.0149    0.0050 |
  291.525     3     3     3.0     45  13508 |   15  4486    0.2279    0.0152    0.0051 |
  292.500     3     3     3.0     45  13553 |   15  4501    0.2334    0.0156    0.0052 |
  293.475     3     3     3.0     45  13598 |   15  4516    0.2241    0.0149    0.0050 |
  294.450     3     3     3.0     45  13643 |   15  4531    0.2250    0.0150    0.0050 |
  295.425     3     3     3.0     45  13688 |   15  4546    0.2551    0.0170    0.0057 |
  296.400     3     3     3.0     45  13733 |   15  4561    0.2298    0.0153    0.0051 |
  297.375     3     3     3.0     45  13778 |   15  4576    0.2251    0.0150    0.0050 |
  298.350     3     3     3.0     45  13823 |   15  4591    0.2200    0.0147    0.0049 |
  299.325     3     3     3.0     45  13868 |   15  4606    0.2217    0.0148    0.0049 |
  300.300     3     3     3.0     45  13913 |   15  4621    0.2180    0.0145    0.0048 |
  301.275     3     3     3.0     45  13958 |   15  4636    0.2159    0.0144    0.0048 |
  302.250     3     3     3.0     45  14003 |   15  4651    0.2167    0.0144    0.0048 |
  303.225     3     3     3.0     45  14048 |   15  4666    0.2179    0.0145    0.0048 |
  304.200     3     3     3.0     45  14093 |   15  4681    0.2178    0.0145    0.0048 |
  305.175     3     3     3.0     45  14138 |   15  4696    0.2162    0.0144    0.0048 |
  306.150     3     3     3.0     45  14183 |   15  4711    0.2148    0.0143    0.0048 |
  307.125     3     3     3.0     45  14228 |   15  4726    0.2175    0.0145    0.0048 |
  308.100     3     3     3.0     45  14273 |   15  4741    0.2174    0.0145    0.0048 |
  309.075     3     3     3.0     45  14318 |   15  4756    0.2169    0.0145    0.0048 |
  310.050     3     3     3.0     45  14363 |   15  4771    0.2215    0.0148    0.0049 |
  311.025     3     3     3.0     45  14408 |   15  4786    0.2186    0.0146    0.0049 |
  312.000     3     3     3.0     45  14453 |   15  4801    0.2184    0.0146    0.0049 |
  312.975     3     3     3.0     45  14498 |   15  4816    0.2208    0.0147    0.0049 |
  313.950     3     3     3.0     45  14543 |   15  4831    0.2223    0.0148    0.0049 |
  314.925     3     3     3.0     45  14588 |   15  4846    0.2219    0.0148    0.0049 |
  315.900     3     3     3.0     45  14633 |   15  4861    0.2255    0.0150    0.0050 |
  316.875     3     3     3.0     45  14678 |   15  4876    0.2305    0.0154    0.0051 |
  317.850     3     3     3.0     45  14723 |   15  4891    0.2220    0.0148    0.0049 |
  318.825     3     3     3.0     45  14768 |   15  4906    0.2329    0.0155    0.0052 |
  319.800     3     3     3.0     45  14813 |   15  4921    0.2251    0.0150    0.0050 |
  320.775     3     3     3.0     45  14858 |   15  4936    0.2190    0.0146    0.0049 |
  321.750     3     3     3.0     45  14903 |   15  4951    0.2206    0.0147    0.0049 |
  322.725     3     3     3.0     45  14948 |   15  4966    0.2152    0.0143    0.0048 |
  323.700     3     3     3.0     45  14993 |   15  4981    0.2229    0.0149    0.0050 |
  324.675     3     3     3.0     45  15038 |   15  4996    0.2245    0.0150    0.0050 |
  325.650     3     3     3.0     45  15083 |   15  5011    0.2262    0.0151    0.0050 |
  326.625     3     3     3.0     45  15128 |   15  5026    0.2254    0.0150    0.0050 |
  327.600     3     3     3.0     45  15173 |   15  5041    0.2245    0.0150    0.0050 |
  328.575     3     3     3.0     45  15218 |   15  5056    0.2222    0.0148    0.0049 |
  329.550     3     4     3.7     55  15273 |   15  5071    0.2541    0.0169    0.0046 |
  330.525     4     4     4.0     60  15333 |   15  5086    0.2770    0.0185    0.0046 |
  331.500     4     4     4.0     60  15393 |   15  5101    0.2745    0.0183    0.0046 |
  332.475     4     4     4.0     60  15453 |   15  5116    0.2790    0.0186    0.0046 |
  333.450     4     4     4.0     60  15513 |   15  5131    0.2694    0.0180    0.0045 |
  334.425     4     4     4.0     60  15573 |   15  5146    0.2700    0.0180    0.0045 |
  335.400     4     4     4.0     60  15633 |   15  5161    0.2699    0.0180    0.0045 |
  336.375     4     4     4.0     60  15693 |   15  5176    0.2820    0.0188    0.0047 |
  337.350     4     4     4.0     60  15753 |   15  5191    0.2808    0.0187    0.0047 |
  338.325     4     4     4.0     60  15813 |   15  5206    0.2958    0.0197    0.0049 |
  339.300     4     4     4.0     60  15873 |   15  5221    0.2822    0.0188    0.0047 |
  340.275     4     4     4.0     60  15933 |   15  5236    0.2721    0.0181    0.0045 |
  341.250     4     4     4.0     60  15993 |   15  5251    0.2992    0.0199    0.0050 |
  342.225     4     4     4.0     60  16053 |   15  5266    0.2866    0.0191    0.0048 |
  343.200     4     4     4.0     60  16113 |   15  5281    0.2744    0.0183    0.0046 |
  344.175     4     4     4.0     60  16173 |   15  5296    0.2725    0.0182    0.0045 |
  345.150     4     4     4.0     60  16233 |   15  5311    0.2752    0.0183    0.0046 |
  346.125     4     4     4.0     60  16293 |   15  5326    0.2738    0.0183    0.0046 |
  347.100     4     4     4.0     60  16353 |   15  5341    0.2770    0.0185    0.0046 |
  348.075     4     4     4.0     60  16413 |   15  5356    0.2893    0.0193    0.0048 |
  349.050     4     4     4.0     60  16473 |   15  5371    0.2827    0.0188    0.0047 |
  350.025     4     4     4.0     60  16533 |   15  5386    0.2776    0.0185    0.0046 |
  351.000     4     4     4.0     60  16593 |   15  5401    0.2678    0.0179    0.0045 |
  351.975     4     4     4.0     60  16653 |   15  5416    0.2668    0.0178    0.0044 |
  352.950     4     4     4.0     60  16713 |   15  5431    0.2718    0.0181    0.0045 |
  353.925     4     4     4.0     60  16773 |   15  5446    0.2734    0.0182    0.0046 |
  354.900     4     4     4.0     60  16833 |   15  5461    0.2715    0.0181    0.0045 |
  355.875     4     4     4.0     60  16893 |   15  5476    0.2817    0.0188    0.0047 |
  356.850     4     4     4.0     60  16953 |   15  5491    0.2711    0.0181    0.0045 |
  357.825     4     4     4.0     60  17013 |   15  5506    0.2716    0.0181    0.0045 |
  358.800     4     4     4.0     60  17073 |   15  5521    0.2682    0.0179    0.0045 |
  359.775     4     4     4.0     60  17133 |   15  5536    0.2679    0.0179    0.0045 |
  360.750     4     4     4.0     60  17193 |   15  5551    0.2741    0.0183    0.0046 |
  361.725     4     4     4.0     60  17253 |   15  5566    0.2712    0.0181    0.0045 |
  362.700     4     4     4.0     60  17313 |   15  5581    0.2699    0.0180    0.0045 |
  363.675     4     4     4.0     60  17373 |   15  5596    0.2704    0.0180    0.0045 |
  364.650     4     4     4.0     60  17433 |   15  5611    0.2663    0.0178    0.0044 |
  365.625     4     4     4.0     60  17493 |   15  5626    0.2657    0.0177    0.0044 |
  366.600     4     4     4.0     60  17553 |   15  5641    0.2666    0.0178    0.0044 |
  367.575     4     4     4.0     60  17613 |   15  5656    0.2669    0.0178    0.0044 |
  368.550     4     4     4.0     60  17673 |   15  5671    0.2672    0.0178    0.0045 |
  369.525     4     4     4.0     60  17733 |   15  5686    0.2800    0.0187    0.0047 |
  370.500     4     4     4.0     60  17793 |   15  5701    0.2695    0.0180    0.0045 |
  371.475     4     4     4.0     60  17853 |   15  5716    0.2810    0.0187    0.0047 |
  372.450     4     4     4.0     60  17913 |   15  5731    0.2783    0.0186    0.0046 |
  373.425     4     4     4.0     60  17973 |   15  5746    0.2677    0.0178    0.0045 |
  374.400     4     4     4.0     60  18033 |   15  5761    0.2695    0.0180    0.0045 |
  375.375     4     4     4.0     60  18093 |   15  5776    0.2683    0.0179    0.0045 |
  376.350     4     4     4.0     60  18153 |   15  5791    0.2692    0.0179    0.0045 |
  377.325     4     4     4.0     60  18213 |   15  5806    0.2788    0.0186    0.0046 |
  378.300     4     4     4.0     60  18273 |   15  5821    0.2663    0.0178    0.0044 |
  379.275     4     4     4.0     60  18333 |   15  5836    0.2722    0.0181    0.0045 |
  380.250     4     4     4.0     60  18393 |   15  5851    0.2706    0.0180    0.0045 |
  381.225     4     4     4.0     60  18453 |   15  5866    0.2766    0.0184    0.0046 |
  382.200     4     4     4.0     60  18513 |   15  5881    0.2755    0.0184    0.0046 |
  383.175     4     4     4.0     60  18573 |   15  5896    0.2741    0.0183    0.0046 |
  384.150     4     4     4.0     60  18633 |   15  5911    0.2702    0.0180    0.0045 |
  385.125     4     4     4.0     60  18693 |   15  5926    0.3184    0.0212    0.0053 |
  386.100     3     4     3.3     49  18742 |   15  5941    0.2372    0.0158    0.0048 |
  387.075     3     3     3.0     45  18787 |   15  5956    0.2195    0.0146    0.0049 |
  388.050     3     3     3.0     45  18832 |   15  5971    0.2197    0.0146    0.0049 |
  389.025     3     3     3.0     45  18877 |   15  5986    0.2218    0.0148    0.0049 |
  390.000     3     3     3.0     45  18922 |   15  6001    0.2256    0.0150    0.0050 |
  390.975     3     3     3.0     45  18967 |   15  6016    0.2237    0.0149    0.0050 |
  391.950     3     3     3.0     45  19012 |   15  6031    0.2186    0.0146    0.0049 |
  392.925     3     3     3.0     45  19057 |   15  6046    0.2184    0.0146    0.0049 |
  393.900     3     3     3.0     45  19102 |   15  6061    0.2173    0.0145    0.0048 |
  394.875     3     3     3.0     45  19147 |   15  6076    0.2175    0.0145    0.0048 |
  395.850     3     3     3.0     45  19192 |   15  6091    0.2194    0.0146    0.0049 |
  396.825     3     3     3.0     45  19237 |   15  6106    0.2189    0.0146    0.0049 |
  397.800     3     3     3.0     45  19282 |   15  6121    0.2273    0.0152    0.0051 |
  398.775     3     3     3.0     45  19327 |   15  6136    0.2225    0.0148    0.0049 |
  399.750     3     3     3.0     45  19372 |   15  6151    0.2217    0.0148    0.0049 |
  400.725     3     3     3.0     45  19417 |   15  6166    0.2296    0.0153    0.0051 |
  401.700     3     3     3.0     45  19462 |   15  6181    0.2213    0.0148    0.0049 |
  402.675     3     3     3.0     45  19507 |   15  6196    0.2221    0.0148    0.0049 |
  403.650     3     3     3.0     45  19552 |   15  6211    0.2188    0.0146    0.0049 |
  404.625     3     3     3.0     45  19597 |   15  6226    0.2221    0.0148    0.0049 |
  405.600     3     3     3.0     45  19642 |   15  6241    0.2195    0.0146    0.0049 |
  406.575     3     3     3.0     45  19687 |   15  6256    0.2192    0.0146    0.0049 |
  407.550     3     3     3.0     45  19732 |   15  6271    0.2185    0.0146    0.0049 |
  408.525     3     3     3.0     45  19777 |   15  6286    0.2182    0.0145    0.0048 |
  409.500     3     3     3.0     45  19822 |   15  6301    0.2156    0.0144    0.0048 |
  410.475     3     3     3.0     45  19867 |   15  6316    0.2209    0.0147    0.0049 |
  411.450     3     3     3.0     45  19912 |   15  6331    0.2153    0.0144    0.0048 |
  412.425     3     3     3.0     45  19957 |   15  6346    0.2161    0.0144    0.0048 |
  413.400     3     3     3.0     45  20002 |   15  6361    0.2180    0.0145    0.0048 |
  414.375     3     3     3.0     45  20047 |   15  6376    0.2173    0.0145    0.0048 |
  415.350     3     3     3.0     45  20092 |   15  6391    0.2155    0.0144    0.0048 |
  416.325     3     3     3.0     45  20137 |   15  6406    0.2180    0.0145    0.0048 |
  417.300     3     3     3.0     45  20182 |   15  6421    0.2157    0.0144    0.0048 |
  418.275     3     3     3.0     45  20227 |   15  6436    0.2165    0.0144    0.0048 |
  419.250     3     3     3.0     45  20272 |   15  6451    0.2175    0.0145    0.0048 |
  420.225     3     3     3.0     45  20317 |   15  6466    0.2350    0.0157    0.0052 |
  421.200     3     3     3.0     45  20362 |   15  6481    0.2153    0.0144    0.0048 |
  422.175     3     3     3.0     45  20407 |   15  6496    0.2170    0.0145    0.0048 |
  423.150     3     3     3.0     45  20452 |   15  6511    0.2150    0.0143    0.0048 |
  424.125     3     3     3.0     45  20497 |   15  6526    0.2201    0.0147    0.0049 |
  425.100     3     3     3.0     45  20542 |   15  6541    0.2174    0.0145    0.0048 |
  426.075     3     3     3.0     45  20587 |   15  6556    0.2160    0.0144    0.0048 |
  427.050     3     3     3.0     45  20632 |   15  6571    0.2153    0.0144    0.0048 |
  428.025     3     3     3.0     45  20677 |   15  6586    0.2158    0.0144    0.0048 |
  429.000     3     3     3.0     45  20722 |   15  6601    0.2157    0.0144    0.0048 |
  429.975     3     3     3.0     45  20767 |   15  6616    0.2144    0.0143    0.0048 |
  430.950     3     3     3.0     45  20812 |   15  6631    0.2149    0.0143    0.0048 |
  431.925     3     3     3.0     45  20857 |   15  6646    0.2150    0.0143    0.0048 |
  432.900     3     3     3.0     45  20902 |   15  6661    0.2154    0.0144    0.0048 |
  433.875     3     3     3.0     45  20947 |   15  6676    0.2151    0.0143    0.0048 |
  434.850     3     3     3.0     45  20992 |   15  6691    0.2144    0.0143    0.0048 |
  435.825     3     3     3.0     45  21037 |   15  6706    0.2149    0.0143    0.0048 |
  436.800     3     3     3.0     45  21082 |   15  6721    0.2196    0.0146    0.0049 |
  437.775     3     3     3.0     45  21127 |   15  6736    0.2163    0.0144    0.0048 |
  438.750     3     3     3.0     45  21172 |   15  6751    0.2189    0.0146    0.0049 |
  439.725     3     3     3.0     45  21217 |   15  6766    0.2162    0.0144    0.0048 |
  440.700     3     3     3.0     45  21262 |   15  6781    0.2176    0.0145    0.0048 |
  441.675     3     3     3.0     45  21307 |   15  6796    0.2167    0.0144    0.0048 |
  442.650     3     3     3.0     45  21352 |   15  6811    0.2167    0.0144    0.0048 |
  443.625     3     3     3.0     45  21397 |   15  6826    0.2162    0.0144    0.0048 |
  444.600     3     3     3.0     45  21442 |   15  6841    0.2183    0.0146    0.0049 |
  445.575     3     3     3.0     45  21487 |   15  6856    0.2172    0.0145    0.0048 |
  446.550     3     3     3.0     45  21532 |   15  6871    0.2161    0.0144    0.0048 |
  447.525     3     3     3.0     45  21577 |   15  6886    0.2178    0.0145    0.0048 |
  448.500     3     3     3.0     45  21622 |   15  6901    0.2174    0.0145    0.0048 |
  449.475     3     3     3.0     45  21667 |   15  6916    0.2165    0.0144    0.0048 |
  450.450     3     3     3.0     45  21712 |   15  6931    0.2174    0.0145    0.0048 |
  451.425     3     3     3.0     45  21757 |   15  6946    0.2205    0.0147    0.0049 |
  452.400     3     3     3.0     45  21802 |   15  6961    0.2213    0.0148    0.0049 |
  453.375     3     3     3.0     45  21847 |   15  6976    0.2174    0.0145    0.0048 |
  454.350     3     3     3.0     45  21892 |   15  6991    0.2172    0.0145    0.0048 |
  455.325     3     3     3.0     45  21937 |   15  7006    0.2204    0.0147    0.0049 |
  456.300     3     3     3.0     45  21982 |   15  7021    0.2179    0.0145    0.0048 |
  457.275     3     3     3.0     45  22027 |   15  7036    0.2200    0.0147    0.0049 |
  458.250     3     3     3.0     45  22072 |   15  7051    0.2168    0.0145    0.0048 |
  459.225     3     3     3.0     45  22117 |   15  7066    0.2182    0.0145    0.0048 |
  460.200     3     3     3.0     45  22162 |   15  7081    0.2175    0.0145    0.0048 |
  461.175     3     3     3.0     45  22207 |   15  7096    0.2214    0.0148    0.0049 |
  462.150     3     3     3.0     45  22252 |   15  7111    0.2191    0.0146    0.0049 |
  463.125     3     3     3.0     45  22297 |   15  7126    0.2155    0.0144    0.0048 |
  464.100     3     3     3.0     45  22342 |   15  7141    0.2186    0.0146    0.0049 |
  465.075     3     3     3.0     45  22387 |   15  7156    0.2163    0.0144    0.0048 |
  466.050     3     3     3.0     45  22432 |   15  7171    0.2182    0.0145    0.0048 |
  467.025     3     3     3.0     45  22477 |   15  7186    0.2156    0.0144    0.0048 |
  468.000     3     3     3.0     45  22522 |   15  7201    0.2197    0.0146    0.0049 |
  468.975     3     3     3.0     45  22567 |   15  7216    0.2158    0.0144    0.0048 |
  469.950     3     3     3.0     45  22612 |   15  7231    0.2187    0.0146    0.0049 |
  470.925     3     3     3.0     45  22657 |   15  7246    0.2155    0.0144    0.0048 |
  471.900     3     3     3.0     45  22702 |   15  7261    0.2166    0.0144    0.0048 |
  472.875     3     3     3.0     45  22747 |   15  7276    0.2162    0.0144    0.0048 |
  473.850     3     3     3.0     45  22792 |   15  7291    0.2150    0.0143    0.0048 |
  474.825     3     3     3.0     45  22837 |   15  7306    0.2150    0.0143    0.0048 |
  475.800     3     3     3.0     45  22882 |   15  7321    0.2169    0.0145    0.0048 |
  476.775     3     3     3.0     45  22927 |   15  7336    0.2179    0.0145    0.0048 |
  477.750     3     3     3.0     45  22972 |   15  7351    0.2190    0.0146    0.0049 |
  478.725     3     3     3.0     45  23017 |   15  7366    0.2207    0.0147    0.0049 |
  479.700     3     3     3.0     45  23062 |   15  7381    0.2188    0.0146    0.0049 |
  480.675     3     4     3.5     52  23114 |   15  7396    0.2397    0.0160    0.0046 |
  481.650     4     4     4.0     60  23174 |   15  7411    0.2651    0.0177    0.0044 |
  482.625     4     4     4.0     60  23234 |   15  7426    0.2657    0.0177    0.0044 |
  483.600     4     4     4.0     60  23294 |   15  7441    0.2681    0.0179    0.0045 |
  484.575     4     4     4.0     60  23354 |   15  7456    0.2665    0.0178    0.0044 |
  485.550     4     4     4.0     60  23414 |   15  7471    0.2671    0.0178    0.0045 |
  486.525     4     4     4.0     60  23474 |   15  7486    0.2648    0.0177    0.0044 |
  487.500     4     4     4.0     60  23534 |   15  7501    0.2646    0.0176    0.0044 |
  488.475     4     4     4.0     60  23594 |   15  7516    0.2664    0.0178    0.0044 |
  489.450     4     4     4.0     60  23654 |   15  7531    0.2650    0.0177    0.0044 |
  490.425     4     4     4.0     60  23714 |   15  7546    0.2733    0.0182    0.0046 |
  491.400     4     4     4.0     60  23774 |   15  7561    0.2669    0.0178    0.0044 |
  492.375     4     4     4.0     60  23834 |   15  7576    0.3378    0.0225    0.0056 |
  493.350     4     4     4.0     60  23894 |   15  7591    0.2647    0.0176    0.0044 |
  494.325     4     4     4.0     60  23954 |   15  7606    0.2659    0.0177    0.0044 |
  495.300     4     4     4.0     60  24014 |   15  7621    0.2652    0.0177    0.0044 |
  496.275     4     4     4.0     60  24074 |   15  7636    0.2680    0.0179    0.0045 |
  497.250     4     4     4.0     60  24134 |   15  7651    0.2663    0.0178    0.0044 |
  498.225     4     4     4.0     60  24194 |   15  7666    0.2710    0.0181    0.0045 |
  499.200     4     4     4.0     60  24254 |   15  7681    0.2743    0.0183    0.0046 |
  500.175     4     4     4.0     60  24314 |   15  7696    0.2668    0.0178    0.0044 |
  501.150     4     4     4.0     60  24374 |   15  7711    0.2646    0.0176    0.0044 |
  502.125     4     4     4.0     60  24434 |   15  7726    0.2655    0.0177    0.0044 |
  503.100     4     4     4.0     60  24494 |   15  7741    0.2661    0.0177    0.0044 |
  504.075     3     4     3.1     47  24541 |   15  7756    0.2219    0.0148    0.0047 |
  505.050     3     3     3.0     45  24586 |   15  7771    0.2157    0.0144    0.0048 |
  506.025     3     3     3.0     45  24631 |   15  7786    0.2241    0.0149    0.0050 |
  507.000     3     3     3.0     45  24676 |   15  7801    0.2229    0.0149    0.0050 |
  507.975     3     3     3.0     45  24721 |   15  7816    0.2163    0.0144    0.0048 |
  508.950     3     3     3.0     45  24766 |   15  7831    0.2157    0.0144    0.0048 |
  509.925     3     3     3.0     45  24811 |   15  7846    0.2147    0.0143    0.0048 |
  510.900     3     3     3.0     45  24856 |   15  7861    0.2165    0.0144    0.0048 |
  511.875     3     3     3.0     45  24901 |   15  7876    0.2172    0.0145    0.0048 |
  512.850     3     3     3.0     45  24946 |   15  7891    0.2159    0.0144    0.0048 |
  513.825     3     3     3.0     45  24991 |   15  7906    0.2153    0.0144    0.0048 |
  514.800     3     3     3.0     45  25036 |   15  7921    0.2166    0.0144    0.0048 |
  515.775     3     3     3.0     45  25081 |   15  7936    0.2157    0.0144    0.0048 |
  516.750     3     3     3.0     45  25126 |   15  7951    0.2184    0.0146    0.0049 |
  517.725     3     3     3.0     45  25171 |   15  7966    0.2163    0.0144    0.0048 |
  518.700     3     3     3.0     45  25216 |   15  7981    0.2185    0.0146    0.0049 |
  519.675     3     3     3.0     45  25261 |   15  7996    0.2160    0.0144    0.0048 |
  520.650     3     3     3.0     45  25306 |   15  8011    0.2155    0.0144    0.0048 |
  521.625     3     3     3.0     45  25351 |   15  8026    0.2169    0.0145    0.0048 |
  522.600     3     3     3.0     45  25396 |   15  8041    0.2176    0.0145    0.0048 |
  523.575     3     3     3.0     45  25441 |   15  8056    0.2150    0.0143    0.0048 |
  524.550     3     3     3.0     45  25486 |   15  8071    0.2150    0.0143    0.0048 |
  525.525     3     3     3.0     45  25531 |   15  8086    0.2185    0.0146    0.0049 |
  526.500     3     3     3.0     45  25576 |   15  8101    0.2163    0.0144    0.0048 |
  527.475     3     3     3.0     45  25621 |   15  8116    0.2195    0.0146    0.0049 |
  528.450     3     3     3.0     45  25666 |   15  8131    0.2151    0.0143    0.0048 |
  529.425     3     3     3.0     45  25711 |   15  8146    0.2161    0.0144    0.0048 |
  530.400     3     3     3.0     45  25756 |   15  8161    0.2163    0.0144    0.0048 |
  531.375     3     3     3.0     45  25801 |   15  8176    0.2147    0.0143    0.0048 |
  532.350     2     3     2.4     36  25837 |   15  8191    0.1861    0.0124    0.0052 |
  533.325     2     2     2.0     30  25867 |   15  8206    0.1679    0.0112    0.0056 |
  534.300     2     2     2.0     30  25897 |   15  8221    0.1649    0.0110    0.0055 |
  535.275     2     2     2.0     30  25927 |   15  8236    0.1645    0.0110    0.0055 |
  536.250     2     2     2.0     30  25957 |   15  8251    0.1675    0.0112    0.0056 |
  537.225     2     2     2.0     30  25987 |   15  8266    0.1655    0.0110    0.0055 |
  538.200     2     2     2.0     30  26017 |   15  8281    0.1666    0.0111    0.0056 |
  539.175     2     2     2.0     30  26047 |   15  8296    0.1658    0.0111    0.0055 |
  540.150     2     2     2.0     30  26077 |   15  8311    0.1684    0.0112    0.0056 |
  541.125     2     2     2.0     30  26107 |   15  8326    0.1658    0.0111    0.0055 |
  542.100     2     2     2.0     30  26137 |   15  8341    0.1668    0.0111    0.0056 |
  543.075     2     2     2.0     30  26167 |   15  8356    0.1650    0.0110    0.0055 |
  544.050     2     2     2.0     30  26197 |   15  8371    0.1647    0.0110    0.0055 |
  545.025     2     2     2.0     30  26227 |   15  8386    0.1675    0.0112    0.0056 |
  546.000     2     2     2.0     30  26257 |   15  8401    0.1669    0.0111    0.0056 |
  546.975     2     2     2.0     30  26287 |   15  8416    0.1651    0.0110    0.0055 |
  547.950     2     2     2.0     30  26317 |   15  8431    0.1661    0.0111    0.0055 |
  548.925     2     2     2.0     30  26347 |   15  8446    0.1677    0.0112    0.0056 |
  549.900     2     2     2.0     30  26377 |   15  8461    0.1657    0.0110    0.0055 |
  550.875     2     2     2.0     30  26407 |   15  8476    0.1662    0.0111    0.0055 |
  551.850     2     2     2.0     30  26437 |   15  8491    0.1649    0.0110    0.0055 |
  552.825     2     2     2.0     30  26467 |   15  8506    0.1674    0.0112    0.0056 |
  553.800     2     2     2.0     30  26497 |   15  8521    0.1690    0.0113    0.0056 |
  554.775     2     2     2.0     30  26527 |   15  8536    0.1656    0.0110    0.0055 |
  555.750     2     2     2.0     30  26557 |   15  8551    0.1657    0.0110    0.0055 |
  556.725     2     2     2.0     30  26587 |   15  8566    0.1657    0.0110    0.0055 |
  557.700     2     2     2.0     30  26617 |   15  8581    0.1662    0.0111    0.0055 |
  558.675     2     2     2.0     30  26647 |   15  8596    0.1657    0.0110    0.0055 |
  559.650     2     2     2.0     30  26677 |   15  8611    0.1670    0.0111    0.0056 |
  560.625     2     2     2.0     30  26707 |   15  8626    0.1657    0.0110    0.0055 |
  561.600     2     2     2.0     30  26737 |   15  8641    0.1649    0.0110    0.0055 |
  562.575     2     2     2.0     30  26767 |   15  8656    0.1651    0.0110    0.0055 |
  563.550     2     2     2.0     30  26797 |   15  8671    0.1653    0.0110    0.0055 |
  564.525     2     2     2.0     30  26827 |   15  8686    0.1689    0.0113    0.0056 |
  565.500     2     2     2.0     30  26857 |   15  8701    0.1661    0.0111    0.0055 |
  566.475     2     2     2.0     30  26887 |   15  8716    0.1653    0.0110    0.0055 |
  567.450     2     2     2.0     30  26917 |   15  8731    0.1655    0.0110    0.0055 |
  568.425     2     2     2.0     30  26947 |   15  8746    0.1646    0.0110    0.0055 |
  569.400     1     2     1.6     24  26971 |   15  8761    0.1452    0.0097    0.0061 |
  570.375     1     1     1.0     15  26986 |   15  8776    0.1148    0.0077    0.0077 |
  571.350     1     1     1.0     15  27001 |   15  8791    0.1152    0.0077    0.0077 |
  572.325     1     1     1.0     15  27016 |   15  8806    0.1147    0.0076    0.0076 |
  573.300     1     1     1.0     15  27031 |   15  8821    0.1148    0.0077    0.0077 |
  574.275     1     1     1.0     15  27046 |   15  8836    0.1152    0.0077    0.0077 |
  575.250     1     1     1.0     15  27061 |   15  8851    0.1164    0.0078    0.0078 |
  576.225     1     1     1.0     15  27076 |   15  8866    0.1159    0.0077    0.0077 |
  577.200     1     1     1.0     15  27091 |   15  8881    0.1149    0.0077    0.0077 |
  578.175     1     1     1.0     15  27106 |   15  8896    0.1164    0.0078    0.0078 |
  579.150     1     1     1.0     15  27121 |   15  8911    0.1155    0.0077    0.0077 |
  580.125     1     1     1.0     15  27136 |   15  8926    0.1147    0.0076    0.0076 |
  581.100     1     1     1.0     15  27151 |   15  8941    0.1148    0.0077    0.0077 |
  582.075     1     1     1.0     15  27166 |   15  8956    0.1158    0.0077    0.0077 |
  583.050     1     1     1.0     15  27181 |   15  8971    0.1149    0.0077    0.0077 |
  584.025     1     1     1.0     15  27196 |   15  8986    0.1153    0.0077    0.0077 |
  585.000     1     1     1.0     15  27211 |   15  9001    0.1157    0.0077    0.0077 |
  585.975     1     1     1.0     15  27226 |   15  9016    0.1151    0.0077    0.0077 |
  586.950     1     1     1.0     15  27241 |   15  9031    0.1158    0.0077    0.0077 |
  587.925     1     1     1.0     15  27256 |   15  9046    0.1149    0.0077    0.0077 |
  588.900     1     1     1.0     15  27271 |   15  9061    0.1147    0.0076    0.0076 |
  589.875     1     1     1.0     15  27286 |   15  9076    0.1151    0.0077    0.0077 |
  590.850     1     1     1.0     15  27301 |   15  9091    0.1156    0.0077    0.0077 |
  591.825     1     1     1.0     15  27316 |   15  9106    0.1153    0.0077    0.0077 |
  592.800     1     1     1.0     15  27331 |   15  9121    0.1156    0.0077    0.0077 |
  593.775     1     1     1.0     15  27346 |   15  9136    0.1149    0.0077    0.0077 |
  594.750     1     1     1.0     15  27361 |   15  9151    0.1180    0.0079    0.0079 |
  595.725     1     1     1.0     15  27376 |   15  9166    0.1152    0.0077    0.0077 |
  596.700     1     1     1.0     15  27391 |   15  9181    0.1150    0.0077    0.0077 |
  597.675     1     1     1.0     15  27406 |   15  9196    0.1149    0.0077    0.0077 |
  598.650     1     1     1.0     15  27421 |   15  9211    0.1147    0.0076    0.0076 |
  599.625     1     1     1.0     15  27436 |   15  9226    0.1157    0.0077    0.0077 |
  600.600     1     1     1.0     15  27451 |   15  9241    0.1150    0.0077    0.0077 |
  601.575     1     1     1.0     15  27466 |   15  9256    0.1154    0.0077    0.0077 |
  602.550     1     1     1.0     15  27481 |   15  9271    0.1149    0.0077    0.0077 |
  603.525     1     1     1.0     15  27496 |   15  9286    0.1148    0.0077    0.0077 |
  604.500     1     1     1.0     15  27511 |   15  9301    0.1157    0.0077    0.0077 |
  605.475     1     1     1.0     15  27526 |   15  9316    0.1167    0.0078    0.0078 |
  606.450     1     1     1.0     15  27541 |   15  9331    0.1157    0.0077    0.0077 |
  607.425     1     1     1.0     15  27556 |   15  9346    0.1168    0.0078    0.0078 |
  608.400     1     1     1.0     15  27571 |   15  9361    0.1167    0.0078    0.0078 |
  609.375     1     1     1.0     15  27586 |   15  9376    0.1196    0.0080    0.0080 |
  610.350     1     1     1.0     15  27601 |   15  9391    0.1192    0.0079    0.0079 |
  611.325     1     1     1.0     15  27616 |   15  9406    0.1183    0.0079    0.0079 |
  612.300     1     1     1.0     15  27631 |   15  9421    0.1161    0.0077    0.0077 |
  613.275     1     1     1.0     15  27646 |   15  9436    0.1153    0.0077    0.0077 |
  614.250     1     1     1.0     15  27661 |   15  9451    0.1170    0.0078    0.0078 |
  615.225     1     1     1.0     15  27676 |   15  9466    0.1163    0.0078    0.0078 |
  616.200     1     1     1.0     15  27691 |   15  9481    0.1193    0.0080    0.0080 |
  617.175     1     1     1.0     15  27706 |   15  9496    0.1165    0.0078    0.0078 |
  618.150     1     1     1.0     15  27721 |   15  9511    0.1170    0.0078    0.0078 |
  619.125     1     1     1.0     15  27736 |   15  9526    0.1156    0.0077    0.0077 |
  620.100     1     1     1.0     15  27751 |   15  9541    0.1159    0.0077    0.0077 |
  621.075     1     1     1.0     15  27766 |   15  9556    0.1152    0.0077    0.0077 |
  622.050     1     1     1.0     15  27781 |   15  9571    0.1165    0.0078    0.0078 |
  623.025     1     1     1.0     15  27796 |   15  9586    0.1161    0.0077    0.0077 |
  624.000     1     1     1.0     15  27811 |   15  9601    0.1162    0.0077    0.0077 |
  624.975     1     1     1.0     15  27826 |   15  9616    0.1158    0.0077    0.0077 |
  625.950     1     1     1.0     15  27841 |   15  9631    0.1152    0.0077    0.0077 |
  626.925     1     1     1.0     15  27856 |   15  9646    0.1194    0.0080    0.0080 |
  627.900     1     1     1.0     15  27871 |   15  9661    0.1163    0.0078    0.0078 |
  628.875     1     1     1.0     15  27886 |   15  9676    0.1152    0.0077    0.0077 |
  629.850     1     1     1.0     15  27901 |   15  9691    0.1154    0.0077    0.0077 |
  630.825     1     1     1.0     15  27916 |   15  9706    0.1158    0.0077    0.0077 |
  631.800     1     1     1.0     15  27931 |   15  9721    0.1161    0.0077    0.0077 |
  632.775     1     1     1.0     15  27946 |   15  9736    0.1153    0.0077    0.0077 |
  633.750     1     1     1.0     15  27961 |   15  9751    0.1159    0.0077    0.0077 |
  634.725     1     1     1.0     15  27976 |   15  9766    0.1156    0.0077    0.0077 |
  635.700     0     1     0.5      7  27983 |   15  9781    0.0881    0.0059    0.0126 |
  636.675     0     0     0.0      0  27983 |   15  9796    0.0651    0.0043    0.0000 |
  637.650     0     0     0.0      0  27983 |   15  9811    0.0649    0.0043    0.0000 |
  638.625     0     0     0.0      0  27983 |   15  9826    0.0650    0.0043    0.0000 |
  639.600     0     0     0.0      0  27983 |   15  9841    0.0665    0.0044    0.0000 |
  640.575     0     0     0.0      0  27983 |   15  9856    0.0651    0.0043    0.0000 |
  641.550     0     0     0.0      0  27983 |   15  9871    0.0648    0.0043    0.0000 |
  642.525     0     0     0.0      0  27983 |   15  9886    0.0646    0.0043    0.0000 |
  643.500     0     0     0.0      0  27983 |   15  9901    0.0646    0.0043    0.0000 |
  644.475     0     0     0.0      0  27983 |   15  9916    0.0647    0.0043    0.0000 |
  645.450     0     0     0.0      0  27983 |   15  9931    0.0647    0.0043    0.0000 |
  646.425     0     0     0.0      0  27983 |   15  9946    0.0646    0.0043    0.0000 |
  647.400     0     0     0.0      0  27983 |   15  9961    0.0646    0.0043    0.0000 |
  648.375     0     0     0.0      0  27983 |   15  9976    0.0650    0.0043    0.0000 |
  649.350     0     0     0.0      0  27983 |   15  9991    0.0647    0.0043    0.0000 |
  650.325     0     0     0.0      0  27983 |   15 10006    0.0650    0.0043    0.0000 |
  651.300     0     0     0.0      0  27983 |   15 10021    0.0649    0.0043    0.0000 |
  652.275     0     0     0.0      0  27983 |   15 10036    0.0651    0.0043    0.0000 |
  653.250     0     0     0.0      0  27983 |   15 10051    0.0645    0.0043    0.0000 |
  654.225     0     0     0.0      0  27983 |   15 10066    0.0656    0.0044    0.0000 |
  655.200     0     0     0.0      0  27983 |   15 10081    0.0646    0.0043    0.0000 |
  656.175     0     0     0.0      0  27983 |   15 10096    0.0645    0.0043    0.0000 |
  657.150     0     0     0.0      0  27983 |   15 10111    0.0650    0.0043    0.0000 |
  658.125     0     0     0.0      0  27983 |   15 10126    0.0647    0.0043    0.0000 |
  659.100     0     0     0.0      0  27983 |   15 10141    0.0648    0.0043    0.0000 |
  660.075     0     0     0.0      0  27983 |   15 10156    0.0651    0.0043    0.0000 |
  661.050     0     0     0.0      0  27983 |   15 10171    0.0647    0.0043    0.0000 |
  662.025     0     0     0.0      0  27983 |   15 10186    0.0650    0.0043    0.0000 |
  663.000     0     0     0.0      0  27983 |   15 10201    0.0651    0.0043    0.0000 |
  663.975     0     0     0.0      0  27983 |   15 10216    0.0646    0.0043    0.0000 |
  664.950     0     0     0.0      0  27983 |   15 10231    0.0646    0.0043    0.0000 |
  665.925     0     0     0.0      0  27983 |   15 10246    0.0649    0.0043    0.0000 |
  666.900     0     0     0.0      0  27983 |   15 10261    0.0649    0.0043    0.0000 |
  667.875     0     0     0.0      0  27983 |   15 10276    0.0648    0.0043    0.0000 |
  668.850     0     0     0.0      0  27983 |   15 10291    0.0647    0.0043    0.0000 |
  669.825     0     0     0.0      0  27983 |   15 10306    0.0670    0.0045    0.0000 |
  670.800     0     0     0.0      0  27983 |   15 10321    0.0648    0.0043    0.0000 |
  671.775     0     0     0.0      0  27983 |   15 10336    0.0646    0.0043    0.0000 |
  672.750     0     0     0.0      0  27983 |   15 10351    0.0649    0.0043    0.0000 |
  673.725     0     0     0.0      0  27983 |   15 10366    0.0645    0.0043    0.0000 |
  674.700     0     0     0.0      0  27983 |   15 10381    0.0650    0.0043    0.0000 |
  675.675     0     0     0.0      0  27983 |   15 10396    0.0646    0.0043    0.0000 |
  676.650     0     0     0.0      0  27983 |   15 10411    0.0653    0.0044    0.0000 |
  677.625     0     0     0.0      0  27983 |   15 10426    0.0646    0.0043    0.0000 |
  678.600     0     0     0.0      0  27983 |   15 10441    0.0651    0.0043    0.0000 |
  679.575     0     0     0.0      0  27983 |   15 10456    0.0648    0.0043    0.0000 |
  680.550     0     0     0.0      0  27983 |   15 10471    0.0652    0.0043    0.0000 |
  681.525     0     0     0.0      0  27983 |   15 10486    0.0648    0.0043    0.0000 |
  682.500     0     0     0.0      0  27983 |   15 10501    0.0648    0.0043    0.0000 |
  683.475     0     0     0.0      0  27983 |   15 10516    0.0658    0.0044    0.0000 |
  684.450     0     0     0.0      0  27983 |   15 10531    0.0648    0.0043    0.0000 |
  685.425     0     0     0.0      0  27983 |   15 10546    0.0648    0.0043    0.0000 |
  686.400     0     0     0.0      0  27983 |   15 10561    0.0648    0.0043    0.0000 |
  687.375     0     0     0.0      0  27983 |   15 10576    0.0646    0.0043    0.0000 |
  688.350     0     0     0.0      0  27983 |   15 10591    0.0656    0.0044    0.0000 |
  689.325     0     0     0.0      0  27983 |   15 10606    0.0654    0.0044    0.0000 |
  690.300     0     0     0.0      0  27983 |   15 10621    0.0656    0.0044    0.0000 |
  691.275     0     0     0.0      0  27983 |   15 10636    0.0648    0.0043    0.0000 |
  692.250     0     0     0.0      0  27983 |   15 10651    0.0647    0.0043    0.0000 |
  693.225     0     0     0.0      0  27983 |   15 10666    0.0648    0.0043    0.0000 |
  694.200     0     0     0.0      0  27983 |   15 10681    0.0652    0.0043    0.0000 |
  695.175     0     0     0.0      0  27983 |   15 10696    0.0646    0.0043    0.0000 |
  696.150     0     0     0.0      0  27983 |   15 10711    0.0650    0.0043    0.0000 |
  697.125     0     0     0.0      0  27983 |   15 10726    0.0645    0.0043    0.0000 |
  698.100     0     0     0.0      0  27983 |   15 10741    0.0655    0.0044    0.0000 |
  699.075     0     0     0.0      0  27983 |   15 10756    0.0651    0.0043    0.0000 |
  700.050     0     0     0.0      0  27983 |   15 10771    0.0646    0.0043    0.0000 |
  701.025     0     0     0.0      0  27983 |   15 10786    0.0647    0.0043    0.0000 |
  702.000     0     0     0.0      0  27983 |   15 10801    0.0647    0.0043    0.0000 |
  702.975     0     0     0.0      0  27983 |   15 10816    0.0649    0.0043    0.0000 |
  703.950     0     0     0.0      0  27983 |   15 10831    0.0647    0.0043    0.0000 |
  704.925     0     0     0.0      0  27983 |   15 10846    0.0651    0.0043    0.0000 |
  705.900     0     0     0.0      0  27983 |   15 10861    0.0649    0.0043    0.0000 |
  706.875     0     0     0.0      0  27983 |   15 10876    0.0653    0.0044    0.0000 |
  707.850     0     0     0.0      0  27983 |   15 10891    0.0651    0.0043    0.0000 |
  708.825     0     0     0.0      0  27983 |   15 10906    0.0651    0.0043    0.0000 |
  709.800     0     0     0.0      0  27983 |   15 10921    0.0648    0.0043    0.0000 |
  710.775     0     0     0.0      0  27983 |   15 10936    0.0651    0.0043    0.0000 |
  711.750     0     0     0.0      0  27983 |   15 10951    0.0650    0.0043    0.0000 |
  712.725     0     0     0.0      0  27983 |   15 10966    0.0649    0.0043    0.0000 |
  713.700     0     0     0.0      0  27983 |   15 10981    0.0649    0.0043    0.0000 |
  714.675     0     0     0.0      0  27983 |   15 10996    0.0649    0.0043    0.0000 |
  715.650     0     0     0.0      0  27983 |   15 11011    0.0660    0.0044    0.0000 |
  716.625     0     0     0.0      0  27983 |   15 11026    0.0663    0.0044    0.0000 |
  717.600     0     0     0.0      0  27983 |   15 11041    0.0670    0.0045    0.0000 |
  718.575     0     0     0.0      0  27983 |   15 11056    0.0654    0.0044    0.0000 |
  719.550     0     0     0.0      0  27983 |   15 11071    0.0656    0.0044    0.0000 |
  720.525     0     0     0.0      0  27983 |   15 11086    0.0654    0.0044    0.0000 |
  721.500     0     0     0.0      0  27983 |   15 11101    0.0667    0.0044    0.0000 |
  722.475     0     0     0.0      0  27983 |   15 11116    0.0669    0.0045    0.0000 |
  723.450     0     0     0.0      0  27983 |   15 11131    0.0665    0.0044    0.0000 |
  724.425     0     0     0.0      0  27983 |   15 11146    0.0657    0.0044    0.0000 |
  725.400     0     0     0.0      0  27983 |   15 11161    0.0657    0.0044    0.0000 |
  726.375     0     0     0.0      0  27983 |   15 11176    0.0666    0.0044    0.0000 |
  727.350     0     0     0.0      0  27983 |   15 11191    0.0661    0.0044    0.0000 |
  728.325     0     0     0.0      0  27983 |   15 11206    0.0659    0.0044    0.0000 |
  729.300     0     0     0.0      0  27983 |   15 11221    0.0658    0.0044    0.0000 |
  730.275     0     0     0.0      0  27983 |   15 11236    0.0664    0.0044    0.0000 |
  731.250     0     0     0.0      0  27983 |   15 11251    0.0656    0.0044    0.0000 |
  732.225     0     0     0.0      0  27983 |   15 11266    0.0657    0.0044    0.0000 |
  733.200     0     0     0.0      0  27983 |   15 11281    0.0661    0.0044    0.0000 |
  734.175     0     0     0.0      0  27983 |   15 11296    0.0660    0.0044    0.0000 |
  735.150     0     0     0.0      0  27983 |   15 11311    0.0659    0.0044    0.0000 |
  736.125     0     0     0.0      0  27983 |   15 11326    0.0658    0.0044    0.0000 |
  737.100     0     0     0.0      0  27983 |   15 11341    0.0658    0.0044    0.0000 |
  738.075     0     0     0.0      0  27983 |   15 11356    0.0661    0.0044    0.0000 |
  739.050     0     0     0.0      0  27983 |   15 11371    0.0657    0.0044    0.0000 |
  740.025     0     0     0.0      0  27983 |   15 11386    0.0672    0.0045    0.0000 |
  741.000     0     0     0.0      0  27983 |   15 11401    0.0656    0.0044    0.0000 |
  741.975     0     0     0.0      0  27983 |   15 11416    0.0666    0.0044    0.0000 |
  742.950     0     0     0.0      0  27983 |   15 11431    0.0661    0.0044    0.0000 |
  743.925     0     0     0.0      0  27983 |   15 11446    0.0660    0.0044    0.0000 |
  744.900     0     0     0.0      0  27983 |   15 11461    0.0660    0.0044    0.0000 |
  745.875     0     0     0.0      0  27983 |   15 11476    0.0658    0.0044    0.0000 |
  746.850     0     0     0.0      0  27983 |   15 11491    0.0663    0.0044    0.0000 |
  747.825     0     0     0.0      0  27983 |   15 11506    0.0660    0.0044    0.0000 |
  748.800     0     0     0.0      0  27983 |   15 11521    0.0659    0.0044    0.0000 |
  749.775     0     0     0.0      0  27983 |   15 11536    0.0660    0.0044    0.0000 |
  750.750     0     0     0.0      0  27983 |   15 11551    0.0657    0.0044    0.0000 |
  751.725     0     0     0.0      0  27983 |   15 11566    0.0664    0.0044    0.0000 |
  752.700     0     0     0.0      0  27983 |   15 11581    0.0662    0.0044    0.0000 |
  753.675     0     0     0.0      0  27983 |   15 11596    0.0660    0.0044    0.0000 |
  754.650     0     0     0.0      0  27983 |   15 11611    0.0664    0.0044    0.0000 |
  755.625     0     0     0.0      0  27983 |   15 11626    0.0661    0.0044    0.0000 |
  756.600     0     0     0.0      0  27983 |   15 11641    0.0666    0.0044    0.0000 |
  757.575     0     0     0.0      0  27983 |   15 11656    0.0662    0.0044    0.0000 |
  758.550     0     0     0.0      0  27983 |   15 11671    0.0663    0.0044    0.0000 |
  759.525     0     0     0.0      0  27983 |   15 11686    0.0666    0.0044    0.0000 |
  760.500     0     0     0.0      0  27983 |   15 11701    0.0661    0.0044    0.0000 |
  761.475     0     0     0.0      0  27983 |   15 11716    0.0662    0.0044    0.0000 |
  762.450     0     0     0.0      0  27983 |   15 11731    0.0669    0.0045    0.0000 |
  763.425     0     0     0.0      0  27983 |   15 11746    0.0680    0.0045    0.0000 |
  764.400     0     0     0.0      0  27983 |   15 11761    0.0665    0.0044    0.0000 |
  765.375     0     0     0.0      0  27983 |   15 11776    0.0660    0.0044    0.0000 |
  766.350     0     0     0.0      0  27983 |   15 11791    0.0659    0.0044    0.0000 |
  767.325     0     0     0.0      0  27983 |   15 11806    0.0663    0.0044    0.0000 |
  768.300     0     0     0.0      0  27983 |   15 11821    0.0672    0.0045    0.0000 |
  769.275     0     0     0.0      0  27983 |   15 11836    0.0670    0.0045    0.0000 |
  770.250     0     0     0.0      0  27983 |   15 11851    0.0662    0.0044    0.0000 |
  771.225     0     0     0.0      0  27983 |   15 11866    0.0666    0.0044    0.0000 |
  772.200     0     0     0.0      0  27983 |   15 11881    0.0665    0.0044    0.0000 |
  773.175     0     0     0.0      0  27983 |   15 11896    0.0666    0.0044    0.0000 |
  774.150     0     0     0.0      0  27983 |   15 11911    0.0669    0.0045    0.0000 |
  775.125     0     0     0.0      0  27983 |   15 11926    0.0666    0.0044    0.0000 |
  776.100     0     0     0.0      0  27983 |   15 11941    0.0665    0.0044    0.0000 |
  777.075     0     0     0.0      0  27983 |   15 11956    0.0671    0.0045    0.0000 |
  778.050     0     0     0.0      0  27983 |   15 11971    0.0667    0.0044    0.0000 |
  779.025     0     0     0.0      0  27983 |   15 11986    0.0665    0.0044    0.0000 |
  780.000     0     0     0.0      0  27983 |   15 12001    0.0667    0.0044    0.0000 |
  780.975     0     0     0.0      0  27983 |   15 12016    0.0665    0.0044    0.0000 |
  781.950     0     0     0.0      0  27983 |   15 12031    0.0682    0.0045    0.0000 |
  782.925     0     0     0.0      0  27983 |   15 12046    0.0670    0.0045    0.0000 |
  783.900     0     0     0.0      0  27983 |   15 12061    0.0665    0.0044    0.0000 |
  784.875     0     0     0.0      0  27983 |   15 12076    0.0668    0.0045    0.0000 |
  785.850     0     0     0.0      0  27983 |   15 12091    0.0668    0.0045    0.0000 |
  786.825     0     0     0.0      0  27983 |   15 12106    0.0666    0.0044    0.0000 |
  787.800     0     0     0.0      0  27983 |   15 12121    0.0666    0.0044    0.0000 |
  788.775     0     0     0.0      0  27983 |   15 12136    0.0667    0.0044    0.0000 |
  789.750     0     0     0.0      0  27983 |   15 12151    0.0668    0.0045    0.0000 |
  790.725     0     0     0.0      0  27983 |   15 12166    0.0670    0.0045    0.0000 |
  791.700     0     0     0.0      0  27983 |   15 12181    0.0673    0.0045    0.0000 |
  792.675     0     0     0.0      0  27983 |   15 12196    0.0666    0.0044    0.0000 |
  793.650     0     0     0.0      0  27983 |   15 12211    0.0666    0.0044    0.0000 |
  794.625     0     0     0.0      0  27983 |   15 12226    0.0666    0.0044    0.0000 |
  795.600     0     0     0.0      0  27983 |   15 12241    0.0679    0.0045    0.0000 |
  796.575     0     0     0.0      0  27983 |   15 12256    0.0692    0.0046    0.0000 |
  797.550     0     0     0.0      0  27983 |   15 12271    0.0666    0.0044    0.0000 |
  798.525     0     0     0.0      0  27983 |   15 12286    0.0667    0.0044    0.0000 |
  799.500     0     0     0.0      0  27983 |   15 12301    0.0666    0.0044    0.0000 |
  800.475     0     0     0.0      0  27983 |   15 12316    0.0671    0.0045    0.0000 |
  801.450     0     0     0.0      0  27983 |   15 12331    0.0665    0.0044    0.0000 |
  802.425     0     0     0.0      0  27983 |   15 12346    0.0668    0.0045    0.0000 |
  803.400     0     0     0.0      0  27983 |   15 12361    0.0671    0.0045    0.0000 |
  804.375     0     0     0.0      0  27983 |   15 12376    0.0665    0.0044    0.0000 |
  805.350     0     0     0.0      0  27983 |   15 12391    0.0668    0.0045    0.0000 |
  806.325     0     0     0.0      0  27983 |   15 12406    0.0666    0.0044    0.0000 |
  807.300     0     0     0.0      0  27983 |   15 12421    0.0664    0.0044    0.0000 |
  808.275     0     0     0.0      0  27983 |   15 12436    0.0664    0.0044    0.0000 |
  809.250     0     0     0.0      0  27983 |   15 12451    0.0671    0.0045    0.0000 |
  810.225     0     0     0.0      0  27983 |   15 12466    0.0682    0.0045    0.0000 |
  811.200     0     0     0.0      0  27983 |   15 12481    0.0665    0.0044    0.0000 |
  812.175     0     0     0.0      0  27983 |   15 12496    0.0667    0.0044    0.0000 |
  813.150     0     0     0.0      0  27983 |   15 12511    0.0667    0.0044    0.0000 |
  814.125     0     0     0.0      0  27983 |   15 12526    0.0677    0.0045    0.0000 |
  815.100     0     0     0.0      0  27983 |   15 12541    0.0667    0.0044    0.0000 |
  816.075     0     0     0.0      0  27983 |   15 12556    0.0667    0.0044    0.0000 |
  817.050     0     0     0.0      0  27983 |   15 12571    0.0668    0.0045    0.0000 |
  818.025     0     0     0.0      0  27983 |   15 12586    0.0668    0.0045    0.0000 |
  819.000     0     0     0.0      0  27983 |   15 12601    0.0665    0.0044    0.0000 |
  819.975     0     0     0.0      0  27983 |   15 12616    0.0667    0.0044    0.0000 |
  820.950     0     0     0.0      0  27983 |   15 12631    0.0665    0.0044    0.0000 |
  821.925     0     0     0.0      0  27983 |   15 12646    0.0665    0.0044    0.0000 |
  822.900     0     0     0.0      0  27983 |   15 12661    0.0665    0.0044    0.0000 |
  823.875     0     0     0.0      0  27983 |   15 12676    0.0667    0.0044    0.0000 |
  824.850     0     0     0.0      0  27983 |   15 12691    0.0665    0.0044    0.0000 |
  825.825     0     0     0.0      0  27983 |   15 12706    0.0665    0.0044    0.0000 |
  826.800     0     0     0.0      0  27983 |   15 12721    0.0675    0.0045    0.0000 |
  827.775     0     0     0.0      0  27983 |   15 12736    0.0669    0.0045    0.0000 |
  828.750     0     0     0.0      0  27983 |   15 12751    0.0666    0.0044    0.0000 |
  829.725     0     0     0.0      0  27983 |   15 12766    0.0665    0.0044    0.0000 |
  830.700     0     0     0.0      0  27983 |   15 12781    0.0665    0.0044    0.0000 |
  831.675     0     0     0.0      0  27983 |   15 12796    0.0666    0.0044    0.0000 |
  832.650     0     0     0.0      0  27983 |   15 12811    0.0666    0.0044    0.0000 |
  833.625     0     0     0.0      0  27983 |   15 12826    0.0668    0.0045    0.0000 |
  834.600     0     0     0.0      0  27983 |   15 12841    0.0666    0.0044    0.0000 |
  835.575     0     0     0.0      0  27983 |   15 12856    0.0668    0.0045    0.0000 |
  836.550     0     0     0.0      0  27983 |   15 12871    0.0666    0.0044    0.0000 |
  837.525     0     0     0.0      0  27983 |   15 12886    0.0667    0.0044    0.0000 |
  838.500     0     0     0.0      0  27983 |   15 12901    0.0665    0.0044    0.0000 |
  839.475     0     0     0.0      0  27983 |   15 12916    0.0667    0.0044    0.0000 |
  840.450     0     0     0.0      0  27983 |   15 12931    0.0666    0.0044    0.0000 |
  841.425     0     0     0.0      0  27983 |   15 12946    0.0665    0.0044    0.0000 |
  842.400     0     0     0.0      0  27983 |   15 12961    0.0665    0.0044    0.0000 |
  843.375     0     0     0.0      0  27983 |   15 12976    0.0667    0.0044    0.0000 |
  844.350     0     0     0.0      0  27983 |   15 12991    0.0666    0.0044    0.0000 |
  845.325     0     0     0.0      0  27983 |   15 13006    0.0667    0.0044    0.0000 |
  846.300     0     0     0.0      0  27983 |   15 13021    0.0668    0.0045    0.0000 |
  847.275     0     0     0.0      0  27983 |   15 13036    0.0665    0.0044    0.0000 |
  848.250     0     0     0.0      0  27983 |   15 13051    0.0666    0.0044    0.0000 |
  849.225     0     0     0.0      0  27983 |   15 13066    0.0668    0.0045    0.0000 |
  850.200     0     0     0.0      0  27983 |   15 13081    0.0667    0.0044    0.0000 |
  851.175     0     0     0.0      0  27983 |   15 13096    0.0664    0.0044    0.0000 |
  852.150     0     0     0.0      0  27983 |   15 13111    0.0666    0.0044    0.0000 |
  853.125     0     0     0.0      0  27983 |   15 13126    0.0667    0.0044    0.0000 |
  854.100     0     0     0.0      0  27983 |   15 13141    0.0666    0.0044    0.0000 |
  855.075     0     0     0.0      0  27983 |   15 13156    0.0677    0.0045    0.0000 |
  856.050     0     0     0.0      0  27983 |   15 13171    0.0687    0.0046    0.0000 |
  857.025     0     0     0.0      0  27983 |   15 13186    0.0670    0.0045    0.0000 |
  858.000     0     0     0.0      0  27983 |   15 13201    0.0671    0.0045    0.0000 |
  858.975     0     0     0.0      0  27983 |   15 13216    0.0665    0.0044    0.0000 |
  859.950     0     0     0.0      0  27983 |   15 13231    0.0665    0.0044    0.0000 |
  860.925     0     0     0.0      0  27983 |   15 13246    0.0673    0.0045    0.0000 |
  861.900     0     0     0.0      0  27983 |   15 13261    0.0667    0.0044    0.0000 |
  862.875     0     0     0.0      0  27983 |   15 13276    0.0668    0.0045    0.0000 |
  863.850     0     0     0.0      0  27983 |   15 13291    0.0668    0.0045    0.0000 |
  864.825     0     0     0.0      0  27983 |   15 13306    0.1194    0.0080    0.0000 |
  865.800     0     0     0.0      0  27983 |   15 13321    0.0667    0.0044    0.0000 |
  866.775     0     0     0.0      0  27983 |   15 13336    0.0671    0.0045    0.0000 |
  867.750     0     0     0.0      0  27983 |   15 13351    0.0677    0.0045    0.0000 |
  868.725     0     0     0.0      0  27983 |   15 13366    0.0667    0.0044    0.0000 |
  869.700     0     0     0.0      0  27983 |   15 13381    0.0672    0.0045    0.0000 |
  870.675     0     0     0.0      0  27983 |   15 13396    0.0666    0.0044    0.0000 |
  871.650     0     0     0.0      0  27983 |   15 13411    0.0664    0.0044    0.0000 |
  872.625     0     0     0.0      0  27983 |   15 13426    0.0665    0.0044    0.0000 |
  873.600     0     0     0.0      0  27983 |   15 13441    0.0682    0.0045    0.0000 |
  874.575     0     0     0.0      0  27983 |   15 13456    0.0668    0.0045    0.0000 |
  875.550     0     0     0.0      0  27983 |   15 13471    0.0669    0.0045    0.0000 |
  876.525     0     0     0.0      0  27983 |   15 13486    0.0665    0.0044    0.0000 |
  877.500     0     0     0.0      0  27983 |   15 13501    0.0666    0.0044    0.0000 |
  878.475     0     0     0.0      0  27983 |   15 13516    0.0669    0.0045    0.0000 |
  879.450     0     0     0.0      0  27983 |   15 13531    0.0666    0.0044    0.0000 |
  880.425     0     0     0.0      0  27983 |   15 13546    0.0666    0.0044    0.0000 |
  881.400     0     0     0.0      0  27983 |   15 13561    0.0665    0.0044    0.0000 |
  882.375     0     0     0.0      0  27983 |   15 13576    0.0664    0.0044    0.0000 |
  883.350     0     0     0.0      0  27983 |   15 13591    0.0669    0.0045    0.0000 |
  884.325     0     0     0.0      0  27983 |   15 13606    0.0672    0.0045    0.0000 |
  885.300     0     0     0.0      0  27983 |   15 13621    0.0666    0.0044    0.0000 |
  886.275     0     0     0.0      0  27983 |   15 13636    0.0667    0.0044    0.0000 |
  887.250     0     0     0.0      0  27983 |   15 13651    0.0670    0.0045    0.0000 |
  888.225     0     0     0.0      0  27983 |   15 13666    0.0666    0.0044    0.0000 |
  889.200     0     0     0.0      0  27983 |   15 13681    0.0670    0.0045    0.0000 |
  890.175     0     0     0.0      0  27983 |   15 13696    0.0670    0.0045    0.0000 |
  891.150     0     0     0.0      0  27983 |   15 13711    0.0665    0.0044    0.0000 |
  892.125     0     0     0.0      0  27983 |   15 13726    0.0668    0.0045    0.0000 |
  893.100     0     0     0.0      0  27983 |   15 13741    0.0666    0.0044    0.0000 |
  894.075     0     0     0.0      0  27983 |   15 13756    0.0666    0.0044    0.0000 |
  895.050     0     0     0.0      0  27983 |   15 13771    0.0665    0.0044    0.0000 |
  896.025     0     0     0.0      0  27983 |   15 13786    0.0668    0.0045    0.0000 |
  897.000     0     0     0.0      0  27983 |   15 13801    0.0664    0.0044    0.0000 |
  897.975     0     0     0.0      0  27983 |   15 13816    0.0671    0.0045    0.0000 |
  898.950     0     0     0.0      0  27983 |   15 13831    0.0664    0.0044    0.0000 |
  899.925     0     0     0.0      0  27983 |   15 13846    0.0668    0.0045    0.0000 |
  900.900     0     0     0.0      0  27983 |   15 13861    0.0668    0.0045    0.0000 |
  901.875     0     0     0.0      0  27983 |   15 13876    0.0687    0.0046    0.0000 |
  902.850     0     0     0.0      0  27983 |   15 13891    0.0666    0.0044    0.0000 |
  903.825     0     0     0.0      0  27983 |   15 13906    0.0667    0.0044    0.0000 |
  904.800     0     0     0.0      0  27983 |   15 13921    0.0668    0.0045    0.0000 |
  905.775     0     0     0.0      0  27983 |   15 13936    0.0665    0.0044    0.0000 |
  906.750     0     0     0.0      0  27983 |   15 13951    0.0667    0.0044    0.0000 |
  907.725     0     0     0.0      0  27983 |   15 13966    0.0664    0.0044    0.0000 |
  908.700     0     0     0.0      0  27983 |   15 13981    0.0668    0.0045    0.0000 |
  909.675     0     0     0.0      0  27983 |   15 13996    0.0665    0.0044    0.0000 |
  910.650     0     0     0.0      0  27983 |   15 14011    0.0667    0.0044    0.0000 |
  911.625     0     0     0.0      0  27983 |   15 14026    0.0670    0.0045    0.0000 |
  912.600     0     0     0.0      0  27983 |   15 14041    0.0681    0.0045    0.0000 |
  913.575     0     0     0.0      0  27983 |   15 14056    0.0669    0.0045    0.0000 |
  914.550     0     0     0.0      0  27983 |   15 14071    0.0666    0.0044    0.0000 |
  915.525     0     0     0.0      0  27983 |   15 14086    0.0665    0.0044    0.0000 |
  916.500     0     0     0.0      0  27983 |   15 14101    0.0668    0.0045    0.0000 |
  917.475     0     0     0.0      0  27983 |   15 14116    0.0665    0.0044    0.0000 |
  918.450     0     0     0.0      0  27983 |   15 14131    0.0665    0.0044    0.0000 |
  919.425     0     0     0.0      0  27983 |   15 14146    0.0668    0.0045    0.0000 |
  920.400     0     0     0.0      0  27983 |   15 14161    0.0681    0.0045    0.0000 |
  921.375     0     0     0.0      0  27983 |   15 14176    0.0673    0.0045    0.0000 |
  922.350     0     0     0.0      0  27983 |   15 14191    0.0673    0.0045    0.0000 |
  923.325     0     0     0.0      0  27983 |   15 14206    0.0667    0.0044    0.0000 |
  924.300     0     0     0.0      0  27983 |   15 14221    0.0667    0.0044    0.0000 |
  925.275     0     0     0.0      0  27983 |   15 14236    0.0664    0.0044    0.0000 |
  926.250     0     0     0.0      0  27983 |   15 14251    0.0666    0.0044    0.0000 |
  927.225     0     0     0.0      0  27983 |   15 14266    0.0666    0.0044    0.0000 |
  928.200     0     0     0.0      0  27983 |   15 14281    0.0665    0.0044    0.0000 |
  929.175     0     0     0.0      0  27983 |   15 14296    0.0669    0.0045    0.0000 |
  930.150     0     0     0.0      0  27983 |   15 14311    0.0665    0.0044    0.0000 |
  931.125     0     0     0.0      0  27983 |   15 14326    0.0667    0.0044    0.0000 |
  932.100     0     0     0.0      0  27983 |   15 14341    0.0671    0.0045    0.0000 |
  933.075     0     0     0.0      0  27983 |   15 14356    0.0666    0.0044    0.0000 |
  934.050     0     0     0.0      0  27983 |   15 14371    0.0665    0.0044    0.0000 |
  935.025     0     0     0.0      0  27983 |   15 14386    0.0667    0.0044    0.0000 |
  936.000     0     0     0.0      0  27983 |   15 14401    0.0664    0.0044    0.0000 |
  936.975     0     0     0.0      0  27983 |   15 14416    0.0666    0.0044    0.0000 |
  937.950     0     0     0.0      0  27983 |   15 14431    0.0667    0.0044    0.0000 |
  938.925     0     0     0.0      0  27983 |   15 14446    0.0667    0.0044    0.0000 |
  939.900     0     0     0.0      0  27983 |   15 14461    0.0668    0.0045    0.0000 |
  940.875     0     0     0.0      0  27983 |   15 14476    0.0667    0.0044    0.0000 |
  941.850     0     0     0.0      0  27983 |   15 14491    0.0664    0.0044    0.0000 |
  942.825     0     0     0.0      0  27983 |   15 14506    0.0665    0.0044    0.0000 |
  943.800     0     0     0.0      0  27983 |   15 14521    0.0688    0.0046    0.0000 |
  944.775     0     0     0.0      0  27983 |   15 14536    0.0666    0.0044    0.0000 |
  945.750     0     0     0.0      0  27983 |   15 14551    0.0666    0.0044    0.0000 |
  946.725     0     0     0.0      0  27983 |   15 14566    0.0668    0.0045    0.0000 |
  947.700     0     0     0.0      0  27983 |   15 14581    0.0664    0.0044    0.0000 |
  948.675     0     0     0.0      0  27983 |   15 14596    0.0695    0.0046    0.0000 |
  949.650     0     0     0.0      0  27983 |   15 14611    0.0670    0.0045    0.0000 |
  950.625     0     0     0.0      0  27983 |   15 14626    0.0667    0.0044    0.0000 |
  951.600     0     0     0.0      0  27983 |   15 14641    0.0666    0.0044    0.0000 |
  952.575     0     0     0.0      0  27983 |   15 14656    0.0666    0.0044    0.0000 |
  953.550     0     0     0.0      0  27983 |   15 14671    0.0665    0.0044    0.0000 |
  954.525     0     0     0.0      0  27983 |   15 14686    0.0668    0.0045    0.0000 |
  955.500     0     0     0.0      0  27983 |   15 14701    0.0672    0.0045    0.0000 |
  956.475     0     0     0.0      0  27983 |   15 14716    0.0673    0.0045    0.0000 |
  957.450     0     0     0.0      0  27983 |   15 14731    0.0667    0.0044    0.0000 |
  958.425     0     0     0.0      0  27983 |   15 14746    0.0666    0.0044    0.0000 |
  959.400     0     0     0.0      0  27983 |   15 14761    0.0667    0.0044    0.0000 |
  960.375     0     0     0.0      0  27983 |   15 14776    0.0666    0.0044    0.0000 |
  961.350     0     0     0.0      0  27983 |   15 14791    0.0665    0.0044    0.0000 |
  962.325     0     0     0.0      0  27983 |   15 14806    0.0664    0.0044    0.0000 |
  963.300     0     0     0.0      0  27983 |   15 14821    0.0666    0.0044    0.0000 |
  964.275     0     0     0.0      0  27983 |   15 14836    0.0665    0.0044    0.0000 |
  965.250     0     0     0.0      0  27983 |   15 14851    0.0675    0.0045    0.0000 |
  966.225     0     0     0.0      0  27983 |   15 14866    0.0676    0.0045    0.0000 |
  967.200     0     0     0.0      0  27983 |   15 14881    0.0665    0.0044    0.0000 |
  968.175     0     0     0.0      0  27983 |   15 14896    0.0664    0.0044    0.0000 |
  969.150     0     0     0.0      0  27983 |   15 14911    0.0667    0.0044    0.0000 |
  970.125     0     0     0.0      0  27983 |   15 14926    0.0665    0.0044    0.0000 |
  971.100     0     0     0.0      0  27983 |   15 14941    0.0664    0.0044    0.0000 |
  972.075     0     0     0.0      0  27983 |   15 14956    0.0665    0.0044    0.0000 |
  973.050     0     0     0.0      0  27983 |   15 14971    0.0667    0.0044    0.0000 |
  974.025     0     0     0.0      0  27983 |   15 14986    0.0665    0.0044    0.0000 |
  975.000     0     0     0.0      0  27983 |   15 15001    0.0665    0.0044    0.0000 |
  975.975     0     0     0.0      0  27983 |   15 15016    0.0670    0.0045    0.0000 |
  976.950     0     0     0.0      0  27983 |   15 15031    0.0663    0.0044    0.0000 |
  977.925     0     0     0.0      0  27983 |   15 15046    0.0666    0.0044    0.0000 |
  978.900     0     0     0.0      0  27983 |   15 15061    0.0669    0.0045    0.0000 |
  979.875     0     0     0.0      0  27983 |   15 15076    0.0665    0.0044    0.0000 |
  980.850     0     0     0.0      0  27983 |   15 15091    0.0665    0.0044    0.0000 |
  981.825     0     0     0.0      0  27983 |   15 15106    0.0665    0.0044    0.0000 |
  982.800     0     0     0.0      0  27983 |   15 15121    0.0670    0.0045    0.0000 |
  983.775     0     0     0.0      0  27983 |   15 15136    0.0685    0.0046    0.0000 |
  984.750     0     0     0.0      0  27983 |   15 15151    0.0676    0.0045    0.0000 |
  985.725     0     0     0.0      0  27983 |   15 15166    0.0668    0.0045    0.0000 |
  986.700     0     0     0.0      0  27983 |   15 15181    0.0666    0.0044    0.0000 |
  987.675     0     0     0.0      0  27983 |   15 15196    0.0671    0.0045    0.0000 |
  988.650     0     0     0.0      0  27983 |   15 15211    0.0671    0.0045    0.0000 |
  989.625     0     0     0.0      0  27983 |   15 15226    0.0667    0.0044    0.0000 |
  990.600     0     0     0.0      0  27983 |   15 15241    0.0675    0.0045    0.0000 |
  991.575     0     0     0.0      0  27983 |   15 15256    0.0696    0.0046    0.0000 |
  992.550     0     0     0.0      0  27983 |   15 15271    0.0697    0.0046    0.0000 |
  993.525     0     0     0.0      0  27983 |   15 15286    0.0686    0.0046    0.0000 |
  994.500     0     0     0.0      0  27983 |   15 15301    0.0707    0.0047    0.0000 |
  995.475     0     0     0.0      0  27983 |   15 15316    0.0683    0.0046    0.0000 |
  996.450     0     0     0.0      0  27983 |   15 15331    0.0683    0.0046    0.0000 |
  997.425     0     0     0.0      0  27983 |   15 15346    0.0676    0.0045    0.0000 |
  998.400     0     0     0.0      0  27983 |   15 15361    0.0680    0.0045    0.0000 |
  999.375     0     0     0.0      0  27983 |   15 15376    0.0677    0.0045    0.0000 |
