          ----- ----- | --------- --------- |
            cls ttcls |      time  tot time |
    0.000     1     1 |    0.0019    0.0019 |
    0.975    15    16 |    0.0232    0.0251 |
    1.950    15    31 |    0.0232    0.0483 |
    2.925    15    46 |    0.0232    0.0715 |
    3.900    15    61 |    0.0235    0.0950 |
    4.875    15    76 |    0.0232    0.1182 |
    5.850    15    91 |    0.0232    0.1414 |
    6.825    15   106 |    0.0235    0.1649 |
    7.800    15   121 |    0.0233    0.1882 |
    8.775    15   136 |    0.0232    0.2114 |
    9.750    15   151 |    0.0232    0.2346 |
   10.725    15   166 |    0.0233    0.2579 |
   11.700    15   181 |    0.0232    0.2811 |
   12.675    15   196 |    0.0237    0.3048 |
   13.650    15   211 |    0.0234    0.3282 |
   14.625    15   226 |    0.0233    0.3515 |
   15.600    15   241 |    0.0233    0.3748 |
   16.575    15   256 |    0.0234    0.3981 |
   17.550    15   271 |    0.0233    0.4215 |
   18.525    15   286 |    0.0234    0.4448 |
   19.500    15   301 |    0.0234    0.4682 |
   20.475    15   316 |    0.0233    0.4915 |
   21.450    15   331 |    0.0234    0.5149 |
   22.425    15   346 |    0.0232    0.5382 |
   23.400    15   361 |    0.0234    0.5615 |
   24.375    15   376 |    0.0232    0.5847 |
   25.350    15   391 |    0.0233    0.6081 |
   26.325    15   406 |    0.0233    0.6313 |
   27.300    15   421 |    0.0235    0.6548 |
   28.275    15   436 |    0.0232    0.6780 |
   29.250    15   451 |    0.0234    0.7014 |
   30.225    15   466 |    0.0233    0.7248 |
   31.200    15   481 |    0.0234    0.7482 |
   32.175    15   496 |    0.0235    0.7717 |
   33.150    15   511 |    0.0232    0.7950 |
   34.125    15   526 |    0.0232    0.8181 |
   35.100    15   541 |    0.0236    0.8417 |
   36.075    15   556 |    0.0234    0.8651 |
   37.050    15   571 |    0.0232    0.8883 |
   38.025    15   586 |    0.0232    0.9116 |
   39.000    15   601 |    0.0241    0.9357 |
   39.975    15   616 |    0.0233    0.9590 |
   40.950    15   631 |    0.0235    0.9824 |
   41.925    15   646 |    0.0234    1.0058 |
   42.900    15   661 |    0.0235    1.0293 |
   43.875    15   676 |    0.0232    1.0525 |
   44.850    15   691 |    0.0232    1.0757 |
   45.825    15   706 |    0.0233    1.0990 |
   46.800    15   721 |    0.0234    1.1225 |
   47.775    15   736 |    0.0231    1.1456 |
   48.750    15   751 |    0.0232    1.1688 |
   49.725    15   766 |    0.0232    1.1920 |
   50.700    15   781 |    0.0231    1.2151 |
   51.675    15   796 |    0.0226    1.2377 |
   52.650    15   811 |    0.0223    1.2600 |
   53.625    15   826 |    0.0220    1.2820 |
   54.600    15   841 |    0.0217    1.3037 |
   55.575    15   856 |    0.0216    1.3253 |
   56.550    15   871 |    0.0211    1.3464 |
   57.525    15   886 |    0.0209    1.3673 |
   58.500    15   901 |    0.0206    1.3879 |
   59.475    15   916 |    0.0205    1.4084 |
   60.450    15   931 |    0.0203    1.4287 |
   61.425    15   946 |    0.0201    1.4488 |
   62.400    15   961 |    0.0200    1.4688 |
   63.375    15   976 |    0.0194    1.4882 |
   64.350    15   991 |    0.0192    1.5075 |
   65.325    15  1006 |    0.0192    1.5267 |
   66.300    15  1021 |    0.0189    1.5455 |
   67.275    15  1036 |    0.0186    1.5641 |
   68.250    15  1051 |    0.0183    1.5824 |
   69.225    15  1066 |    0.0182    1.6006 |
   70.200    15  1081 |    0.0179    1.6185 |
   71.175    15  1096 |    0.0178    1.6363 |
   72.150    15  1111 |    0.0175    1.6538 |
   73.125    15  1126 |    0.0174    1.6713 |
   74.100    15  1141 |    0.0172    1.6884 |
   75.075    15  1156 |    0.0170    1.7054 |
   76.050    15  1171 |    0.0169    1.7224 |
   77.025    15  1186 |    0.0168    1.7392 |
   78.000    15  1201 |    0.0167    1.7559 |
   78.975    15  1216 |    0.0171    1.7730 |
   79.950    15  1231 |    0.0166    1.7895 |
   80.925    15  1246 |    0.0166    1.8061 |
   81.900    15  1261 |    0.0164    1.8226 |
   82.875    15  1276 |    0.0165    1.8391 |
   83.850    15  1291 |    0.0163    1.8554 |
   84.825    15  1306 |    0.0163    1.8717 |
   85.800    15  1321 |    0.0164    1.8882 |
   86.775    15  1336 |    0.0162    1.9043 |
   87.750    15  1351 |    0.0162    1.9205 |
   88.725    15  1366 |    0.0160    1.9366 |
   89.700    15  1381 |    0.0161    1.9526 |
   90.675    15  1396 |    0.0161    1.9688 |
   91.650    15  1411 |    0.0160    1.9847 |
   92.625    15  1426 |    0.0161    2.0008 |
   93.600    15  1441 |    0.0160    2.0168 |
   94.575    15  1456 |    0.0160    2.0328 |
   95.550    15  1471 |    0.0160    2.0488 |
   96.525    15  1486 |    0.0161    2.0649 |
   97.500    15  1501 |    0.0159    2.0808 |
   98.475    15  1516 |    0.0161    2.0969 |
   99.450    15  1531 |    0.0159    2.1128 |
  100.425    15  1546 |    0.0159    2.1287 |
  101.400    15  1561 |    0.0159    2.1447 |
  102.375    15  1576 |    0.0161    2.1607 |
  103.350    15  1591 |    0.0159    2.1766 |
  104.325    15  1606 |    0.0159    2.1925 |
  105.300    15  1621 |    0.0160    2.2085 |
  106.275    15  1636 |    0.0160    2.2245 |
  107.250    15  1651 |    0.0159    2.2404 |
  108.225    15  1666 |    0.0159    2.2563 |
  109.200    15  1681 |    0.0160    2.2722 |
  110.175    15  1696 |    0.0161    2.2883 |
  111.150    15  1711 |    0.0160    2.3043 |
  112.125    15  1726 |    0.0160    2.3203 |
  113.100    15  1741 |    0.0161    2.3363 |
  114.075    15  1756 |    0.0160    2.3523 |
  115.050    15  1771 |    0.0159    2.3682 |
  116.025    15  1786 |    0.0160    2.3842 |
  117.000    15  1801 |    0.0159    2.4001 |
  117.975    15  1816 |    0.0160    2.4160 |
  118.950    15  1831 |    0.0159    2.4319 |
  119.925    15  1846 |    0.0159    2.4478 |
  120.900    15  1861 |    0.0160    2.4638 |
  121.875    15  1876 |    0.0159    2.4798 |
  122.850    15  1891 |    0.0160    2.4957 |
  123.825    15  1906 |    0.0159    2.5116 |
  124.800    15  1921 |    0.0159    2.5276 |
  125.775    15  1936 |    0.0159    2.5435 |
  126.750    15  1951 |    0.0158    2.5593 |
  127.725    15  1966 |    0.0159    2.5752 |
  128.700    15  1981 |    0.0159    2.5911 |
  129.675    15  1996 |    0.0161    2.6072 |
  130.650    15  2011 |    0.0159    2.6231 |
  131.625    15  2026 |    0.0159    2.6390 |
  132.600    15  2041 |    0.0159    2.6549 |
  133.575    15  2056 |    0.0159    2.6708 |
  134.550    15  2071 |    0.0159    2.6867 |
  135.525    15  2086 |    0.0159    2.7026 |
  136.500    15  2101 |    0.0160    2.7186 |
  137.475    15  2116 |    0.0159    2.7345 |
  138.450    15  2131 |    0.0159    2.7504 |
  139.425    15  2146 |    0.0159    2.7663 |
  140.400    15  2161 |    0.0159    2.7823 |
  141.375    15  2176 |    0.0160    2.7983 |
  142.350    15  2191 |    0.0159    2.8141 |
  143.325    15  2206 |    0.0163    2.8305 |
  144.300    15  2221 |    0.0159    2.8464 |
  145.275    15  2236 |    0.0160    2.8623 |
  146.250    15  2251 |    0.0159    2.8783 |
  147.225    15  2266 |    0.0160    2.8942 |
  148.200    15  2281 |    0.0160    2.9102 |
  149.175    15  2296 |    0.0160    2.9262 |
  150.150    15  2311 |    0.0159    2.9421 |
  151.125    15  2326 |    0.0160    2.9581 |
  152.100    15  2341 |    0.0159    2.9740 |
  153.075    15  2356 |    0.0160    2.9900 |
  154.050    15  2371 |    0.0159    3.0059 |
  155.025    15  2386 |    0.0159    3.0218 |
  156.000    15  2401 |    0.0161    3.0379 |
  156.975    15  2416 |    0.0161    3.0540 |
  157.950    15  2431 |    0.0159    3.0699 |
  158.925    15  2446 |    0.0159    3.0859 |
  159.900    15  2461 |    0.0159    3.1018 |
  160.875    15  2476 |    0.0160    3.1177 |
  161.850    15  2491 |    0.0160    3.1337 |
  162.825    15  2506 |    0.0160    3.1497 |
  163.800    15  2521 |    0.0161    3.1658 |
  164.775    15  2536 |    0.0159    3.1817 |
  165.750    15  2551 |    0.0159    3.1976 |
  166.725    15  2566 |    0.0160    3.2136 |
  167.700    15  2581 |    0.0159    3.2294 |
  168.675    15  2596 |    0.0159    3.2453 |
  169.650    15  2611 |    0.0159    3.2613 |
  170.625    15  2626 |    0.0159    3.2772 |
  171.600    15  2641 |    0.0160    3.2932 |
  172.575    15  2656 |    0.0161    3.3092 |
  173.550    15  2671 |    0.0160    3.3252 |
  174.525    15  2686 |    0.0160    3.3412 |
  175.500    15  2701 |    0.0159    3.3571 |
  176.475    15  2716 |    0.0160    3.3731 |
  177.450    15  2731 |    0.0159    3.3890 |
  178.425    15  2746 |    0.0159    3.4049 |
  179.400    15  2761 |    0.0159    3.4209 |
  180.375    15  2776 |    0.0161    3.4369 |
  181.350    15  2791 |    0.0159    3.4529 |
  182.325    15  2806 |    0.0159    3.4688 |
  183.300    15  2821 |    0.0159    3.4848 |
  184.275    15  2836 |    0.0160    3.5008 |
  185.250    15  2851 |    0.0160    3.5168 |
  186.225    15  2866 |    0.0160    3.5328 |
  187.200    15  2881 |    0.0160    3.5488 |
  188.175    15  2896 |    0.0161    3.5648 |
  189.150    15  2911 |    0.0160    3.5808 |
  190.125    15  2926 |    0.0160    3.5968 |
  191.100    15  2941 |    0.0161    3.6129 |
  192.075    15  2956 |    0.0161    3.6290 |
  193.050    15  2971 |    0.0162    3.6452 |
  194.025    15  2986 |    0.0161    3.6613 |
  195.000    15  3001 |    0.0159    3.6772 |
  195.975    15  3016 |    0.0159    3.6932 |
  196.950    15  3031 |    0.0161    3.7093 |
  197.925    15  3046 |    0.0162    3.7255 |
  198.900    15  3061 |    0.0159    3.7414 |
  199.875    15  3076 |    0.0160    3.7574 |
  200.850    15  3091 |    0.0160    3.7734 |
  201.825    15  3106 |    0.0159    3.7893 |
  202.800    15  3121 |    0.0162    3.8055 |
  203.775    15  3136 |    0.0160    3.8215 |
  204.750    15  3151 |    0.0159    3.8375 |
  205.725    15  3166 |    0.0160    3.8534 |
  206.700    15  3181 |    0.0159    3.8693 |
  207.675    15  3196 |    0.0159    3.8853 |
  208.650    15  3211 |    0.0160    3.9012 |
  209.625    15  3226 |    0.0159    3.9172 |
  210.600    15  3241 |    0.0160    3.9332 |
  211.575    15  3256 |    0.0159    3.9491 |
  212.550    15  3271 |    0.0159    3.9650 |
  213.525    15  3286 |    0.0160    3.9810 |
  214.500    15  3301 |    0.0160    3.9970 |
  215.475    15  3316 |    0.0159    4.0129 |
  216.450    15  3331 |    0.0160    4.0289 |
  217.425    15  3346 |    0.0159    4.0448 |
  218.400    15  3361 |    0.0159    4.0607 |
  219.375    15  3376 |    0.0160    4.0766 |
  220.350    15  3391 |    0.0161    4.0928 |
  221.325    15  3406 |    0.0159    4.1086 |
  222.300    15  3421 |    0.0159    4.1246 |
  223.275    15  3436 |    0.0159    4.1404 |
  224.250    15  3451 |    0.0159    4.1564 |
  225.225    15  3466 |    0.0159    4.1723 |
  226.200    15  3481 |    0.0159    4.1882 |
  227.175    15  3496 |    0.0159    4.2041 |
  228.150    15  3511 |    0.0160    4.2201 |
  229.125    15  3526 |    0.0159    4.2360 |
  230.100    15  3541 |    0.0160    4.2520 |
  231.075    15  3556 |    0.0162    4.2681 |
  232.050    15  3571 |    0.0160    4.2841 |
  233.025    15  3586 |    0.0162    4.3003 |
  234.000    15  3601 |    0.0161    4.3164 |
  234.975    15  3616 |    0.0162    4.3326 |
  235.950    15  3631 |    0.0166    4.3492 |
  236.925    15  3646 |    0.0163    4.3655 |
  237.900    15  3661 |    0.0161    4.3816 |
  238.875    15  3676 |    0.0160    4.3977 |
  239.850    15  3691 |    0.0162    4.4138 |
  240.825    15  3706 |    0.0160    4.4298 |
  241.800    15  3721 |    0.0160    4.4457 |
  242.775    15  3736 |    0.0159    4.4616 |
  243.750    15  3751 |    0.0159    4.4775 |
  244.725    15  3766 |    0.0160    4.4934 |
  245.700    15  3781 |    0.0160    4.5094 |
  246.675    15  3796 |    0.0160    4.5254 |
  247.650    15  3811 |    0.0162    4.5416 |
  248.625    15  3826 |    0.0159    4.5575 |
  249.600    15  3841 |    0.0160    4.5735 |
  250.575    15  3856 |    0.0160    4.5894 |
  251.550    15  3871 |    0.0159    4.6054 |
  252.525    15  3886 |    0.0159    4.6213 |
  253.500    15  3901 |    0.0159    4.6372 |
  254.475    15  3916 |    0.0160    4.6532 |
  255.450    15  3931 |    0.0160    4.6692 |
  256.425    15  3946 |    0.0159    4.6850 |
  257.400    15  3961 |    0.0158    4.7009 |
  258.375    15  3976 |    0.0159    4.7168 |
  259.350    15  3991 |    0.0160    4.7328 |
  260.325    15  4006 |    0.0159    4.7487 |
  261.300    15  4021 |    0.0161    4.7647 |
  262.275    15  4036 |    0.0160    4.7808 |
  263.250    15  4051 |    0.0161    4.7968 |
  264.225    15  4066 |    0.0160    4.8129 |
  265.200    15  4081 |    0.0160    4.8289 |
  266.175    15  4096 |    0.0158    4.8447 |
  267.150    15  4111 |    0.0160    4.8608 |
  268.125    15  4126 |    0.0160    4.8768 |
  269.100    15  4141 |    0.0159    4.8927 |
  270.075    15  4156 |    0.0159    4.9086 |
  271.050    15  4171 |    0.0159    4.9245 |
  272.025    15  4186 |    0.0159    4.9404 |
  273.000    15  4201 |    0.0160    4.9564 |
  273.975    15  4216 |    0.0159    4.9723 |
  274.950    15  4231 |    0.0159    4.9882 |
  275.925    15  4246 |    0.0159    5.0041 |
  276.900    15  4261 |    0.0159    5.0201 |
  277.875    15  4276 |    0.0159    5.0360 |
  278.850    15  4291 |    0.0160    5.0519 |
  279.825    15  4306 |    0.0159    5.0678 |
  280.800    15  4321 |    0.0160    5.0838 |
  281.775    15  4336 |    0.0159    5.0997 |
  282.750    15  4351 |    0.0159    5.1157 |
  283.725    15  4366 |    0.0160    5.1317 |
  284.700    15  4381 |    0.0159    5.1476 |
  285.675    15  4396 |    0.0159    5.1635 |
  286.650    15  4411 |    0.0159    5.1794 |
  287.625    15  4426 |    0.0162    5.1956 |
  288.600    15  4441 |    0.0159    5.2116 |
  289.575    15  4456 |    0.0161    5.2276 |
  290.550    15  4471 |    0.0159    5.2436 |
  291.525    15  4486 |    0.0159    5.2595 |
  292.500    15  4501 |    0.0160    5.2754 |
  293.475    15  4516 |    0.0159    5.2913 |
  294.450    15  4531 |    0.0159    5.3072 |
  295.425    15  4546 |    0.0162    5.3234 |
  296.400    15  4561 |    0.0160    5.3394 |
  297.375    15  4576 |    0.0159    5.3553 |
  298.350    15  4591 |    0.0159    5.3712 |
  299.325    15  4606 |    0.0161    5.3873 |
  300.300    15  4621 |    0.0166    5.4039 |
  301.275    15  4636 |    0.0159    5.4198 |
  302.250    15  4651 |    0.0159    5.4357 |
  303.225    15  4666 |    0.0160    5.4516 |
  304.200    15  4681 |    0.0160    5.4676 |
  305.175    15  4696 |    0.0159    5.4835 |
  306.150    15  4711 |    0.0159    5.4994 |
  307.125    15  4726 |    0.0159    5.5152 |
  308.100    15  4741 |    0.0162    5.5314 |
  309.075    15  4756 |    0.0159    5.5473 |
  310.050    15  4771 |    0.0159    5.5633 |
  311.025    15  4786 |    0.0160    5.5792 |
  312.000    15  4801 |    0.0159    5.5951 |
  312.975    15  4816 |    0.0159    5.6110 |
  313.950    15  4831 |    0.0159    5.6270 |
  314.925    15  4846 |    0.0159    5.6429 |
  315.900    15  4861 |    0.0159    5.6587 |
  316.875    15  4876 |    0.0159    5.6746 |
  317.850    15  4891 |    0.0159    5.6906 |
  318.825    15  4906 |    0.0159    5.7065 |
  319.800    15  4921 |    0.0161    5.7225 |
  320.775    15  4936 |    0.0159    5.7384 |
  321.750    15  4951 |    0.0159    5.7542 |
  322.725    15  4966 |    0.0160    5.7702 |
  323.700    15  4981 |    0.0161    5.7863 |
  324.675    15  4996 |    0.0159    5.8022 |
  325.650    15  5011 |    0.0160    5.8182 |
  326.625    15  5026 |    0.0159    5.8341 |
  327.600    15  5041 |    0.0161    5.8502 |
  328.575    15  5056 |    0.0160    5.8662 |
  329.550    15  5071 |    0.0159    5.8821 |
  330.525    15  5086 |    0.0159    5.8980 |
  331.500    15  5101 |    0.0159    5.9139 |
  332.475    15  5116 |    0.0159    5.9298 |
  333.450    15  5131 |    0.0159    5.9458 |
  334.425    15  5146 |    0.0159    5.9617 |
  335.400    15  5161 |    0.0159    5.9776 |
  336.375    15  5176 |    0.0159    5.9935 |
  337.350    15  5191 |    0.0159    6.0094 |
  338.325    15  5206 |    0.0160    6.0254 |
  339.300    15  5221 |    0.0159    6.0413 |
  340.275    15  5236 |    0.0160    6.0572 |
  341.250    15  5251 |    0.0159    6.0731 |
  342.225    15  5266 |    0.0159    6.0891 |
  343.200    15  5281 |    0.0159    6.1050 |
  344.175    15  5296 |    0.0159    6.1209 |
  345.150    15  5311 |    0.0159    6.1367 |
  346.125    15  5326 |    0.0160    6.1527 |
  347.100    15  5341 |    0.0159    6.1686 |
  348.075    15  5356 |    0.0162    6.1848 |
  349.050    15  5371 |    0.0159    6.2006 |
  350.025    15  5386 |    0.0159    6.2166 |
  351.000    15  5401 |    0.0159    6.2324 |
  351.975    15  5416 |    0.0160    6.2484 |
  352.950    15  5431 |    0.0160    6.2644 |
  353.925    15  5446 |    0.0159    6.2803 |
  354.900    15  5461 |    0.0159    6.2962 |
  355.875    15  5476 |    0.0160    6.3122 |
  356.850    15  5491 |    0.0161    6.3283 |
  357.825    15  5506 |    0.0159    6.3442 |
  358.800    15  5521 |    0.0159    6.3601 |
  359.775    15  5536 |    0.0160    6.3760 |
  360.750    15  5551 |    0.0159    6.3920 |
  361.725    15  5566 |    0.0159    6.4078 |
  362.700    15  5581 |    0.0159    6.4237 |
  363.675    15  5596 |    0.0159    6.4397 |
  364.650    15  5611 |    0.0161    6.4557 |
  365.625    15  5626 |    0.0159    6.4717 |
  366.600    15  5641 |    0.0160    6.4877 |
  367.575    15  5656 |    0.0161    6.5038 |
  368.550    15  5671 |    0.0160    6.5198 |
  369.525    15  5686 |    0.0164    6.5362 |
  370.500    15  5701 |    0.0160    6.5521 |
  371.475    15  5716 |    0.0159    6.5681 |
  372.450    15  5731 |    0.0160    6.5840 |
  373.425    15  5746 |    0.0159    6.5999 |
  374.400    15  5761 |    0.0159    6.6158 |
  375.375    15  5776 |    0.0159    6.6317 |
  376.350    15  5791 |    0.0159    6.6476 |
  377.325    15  5806 |    0.0160    6.6636 |
  378.300    15  5821 |    0.0160    6.6796 |
  379.275    15  5836 |    0.0159    6.6955 |
  380.250    15  5851 |    0.0162    6.7117 |
  381.225    15  5866 |    0.0159    6.7276 |
  382.200    15  5881 |    0.0159    6.7435 |
  383.175    15  5896 |    0.0159    6.7593 |
  384.150    15  5911 |    0.0159    6.7752 |
  385.125    15  5926 |    0.0160    6.7913 |
  386.100    15  5941 |    0.0158    6.8071 |
  387.075    15  5956 |    0.0159    6.8231 |
  388.050    15  5971 |    0.0161    6.8392 |
  389.025    15  5986 |    0.0159    6.8551 |
  390.000    15  6001 |    0.0159    6.8710 |
  390.975    15  6016 |    0.0159    6.8869 |
  391.950    15  6031 |    0.0160    6.9029 |
  392.925    15  6046 |    0.0159    6.9188 |
  393.900    15  6061 |    0.0159    6.9346 |
  394.875    15  6076 |    0.0159    6.9506 |
  395.850    15  6091 |    0.0160    6.9665 |
  396.825    15  6106 |    0.0159    6.9824 |
  397.800    15  6121 |    0.0159    6.9983 |
  398.775    15  6136 |    0.0160    7.0143 |
  399.750    15  6151 |    0.0160    7.0303 |
  400.725    15  6166 |    0.0160    7.0462 |
  401.700    15  6181 |    0.0161    7.0624 |
  402.675    15  6196 |    0.0160    7.0783 |
  403.650    15  6211 |    0.0160    7.0943 |
  404.625    15  6226 |    0.0159    7.1102 |
  405.600    15  6241 |    0.0159    7.1262 |
  406.575    15  6256 |    0.0159    7.1421 |
  407.550    15  6271 |    0.0160    7.1581 |
  408.525    15  6286 |    0.0164    7.1745 |
  409.500    15  6301 |    0.0160    7.1904 |
  410.475    15  6316 |    0.0160    7.2064 |
  411.450    15  6331 |    0.0160    7.2224 |
  412.425    15  6346 |    0.0160    7.2383 |
  413.400    15  6361 |    0.0160    7.2543 |
  414.375    15  6376 |    0.0160    7.2703 |
  415.350    15  6391 |    0.0159    7.2863 |
  416.325    15  6406 |    0.0160    7.3023 |
  417.300    15  6421 |    0.0159    7.3182 |
  418.275    15  6436 |    0.0159    7.3342 |
  419.250    15  6451 |    0.0159    7.3501 |
  420.225    15  6466 |    0.0160    7.3661 |
  421.200    15  6481 |    0.0160    7.3822 |
  422.175    15  6496 |    0.0160    7.3981 |
  423.150    15  6511 |    0.0159    7.4141 |
  424.125    15  6526 |    0.0161    7.4301 |
  425.100    15  6541 |    0.0160    7.4461 |
  426.075    15  6556 |    0.0160    7.4622 |
  427.050    15  6571 |    0.0160    7.4781 |
  428.025    15  6586 |    0.0165    7.4946 |
  429.000    15  6601 |    0.0159    7.5105 |
  429.975    15  6616 |    0.0160    7.5265 |
  430.950    15  6631 |    0.0159    7.5424 |
  431.925    15  6646 |    0.0162    7.5586 |
  432.900    15  6661 |    0.0160    7.5746 |
  433.875    15  6676 |    0.0159    7.5906 |
  434.850    15  6691 |    0.0160    7.6066 |
  435.825    15  6706 |    0.0159    7.6226 |
  436.800    15  6721 |    0.0159    7.6385 |
  437.775    15  6736 |    0.0160    7.6545 |
  438.750    15  6751 |    0.0160    7.6704 |
  439.725    15  6766 |    0.0160    7.6865 |
  440.700    15  6781 |    0.0160    7.7024 |
  441.675    15  6796 |    0.0160    7.7184 |
  442.650    15  6811 |    0.0160    7.7344 |
  443.625    15  6826 |    0.0159    7.7503 |
  444.600    15  6841 |    0.0160    7.7663 |
  445.575    15  6856 |    0.0160    7.7823 |
  446.550    15  6871 |    0.0160    7.7982 |
  447.525    15  6886 |    0.0160    7.8142 |
  448.500    15  6901 |    0.0161    7.8303 |
  449.475    15  6916 |    0.0160    7.8463 |
  450.450    15  6931 |    0.0160    7.8623 |
  451.425    15  6946 |    0.0160    7.8783 |
  452.400    15  6961 |    0.0161    7.8943 |
  453.375    15  6976 |    0.0159    7.9102 |
  454.350    15  6991 |    0.0159    7.9262 |
  455.325    15  7006 |    0.0160    7.9422 |
  456.300    15  7021 |    0.0159    7.9582 |
  457.275    15  7036 |    0.0159    7.9741 |
  458.250    15  7051 |    0.0159    7.9900 |
  459.225    15  7066 |    0.0160    8.0060 |
  460.200    15  7081 |    0.0159    8.0219 |
  461.175    15  7096 |    0.0159    8.0378 |
  462.150    15  7111 |    0.0159    8.0537 |
  463.125    15  7126 |    0.0159    8.0697 |
  464.100    15  7141 |    0.0159    8.0856 |
  465.075    15  7156 |    0.0159    8.1015 |
  466.050    15  7171 |    0.0159    8.1174 |
  467.025    15  7186 |    0.0160    8.1334 |
  468.000    15  7201 |    0.0161    8.1495 |
  468.975    15  7216 |    0.0159    8.1654 |
  469.950    15  7231 |    0.0159    8.1813 |
  470.925    15  7246 |    0.0159    8.1972 |
  471.900    15  7261 |    0.0159    8.2131 |
  472.875    15  7276 |    0.0159    8.2290 |
  473.850    15  7291 |    0.0159    8.2449 |
  474.825    15  7306 |    0.0161    8.2609 |
  475.800    15  7321 |    0.0160    8.2770 |
  476.775    15  7336 |    0.0160    8.2929 |
  477.750    15  7351 |    0.0160    8.3089 |
  478.725    15  7366 |    0.0159    8.3248 |
  479.700    15  7381 |    0.0159    8.3408 |
  480.675    15  7396 |    0.0159    8.3567 |
  481.650    15  7411 |    0.0159    8.3726 |
  482.625    15  7426 |    0.0164    8.3890 |
  483.600    15  7441 |    0.0159    8.4049 |
  484.575    15  7456 |    0.0159    8.4208 |
  485.550    15  7471 |    0.0159    8.4368 |
  486.525    15  7486 |    0.0159    8.4527 |
  487.500    15  7501 |    0.0161    8.4688 |
  488.475    15  7516 |    0.0159    8.4848 |
  489.450    15  7531 |    0.0159    8.5007 |
  490.425    15  7546 |    0.0160    8.5167 |
  491.400    15  7561 |    0.0160    8.5326 |
  492.375    15  7576 |    0.0160    8.5486 |
  493.350    15  7591 |    0.0159    8.5645 |
  494.325    15  7606 |    0.0160    8.5806 |
  495.300    15  7621 |    0.0159    8.5965 |
  496.275    15  7636 |    0.0159    8.6124 |
  497.250    15  7651 |    0.0159    8.6283 |
  498.225    15  7666 |    0.0160    8.6443 |
  499.200    15  7681 |    0.0160    8.6603 |
  500.175    15  7696 |    0.0159    8.6762 |
  501.150    15  7711 |    0.0159    8.6921 |
  502.125    15  7726 |    0.0159    8.7080 |
  503.100    15  7741 |    0.0159    8.7239 |
  504.075    15  7756 |    0.0161    8.7400 |
  505.050    15  7771 |    0.0159    8.7559 |
  506.025    15  7786 |    0.0159    8.7718 |
  507.000    15  7801 |    0.0160    8.7878 |
  507.975    15  7816 |    0.0159    8.8037 |
  508.950    15  7831 |    0.0160    8.8197 |
  509.925    15  7846 |    0.0162    8.8359 |
  510.900    15  7861 |    0.0159    8.8519 |
  511.875    15  7876 |    0.0159    8.8678 |
  512.850    15  7891 |    0.0159    8.8837 |
  513.825    15  7906 |    0.0159    8.8996 |
  514.800    15  7921 |    0.0160    8.9156 |
  515.775    15  7936 |    0.0161    8.9317 |
  516.750    15  7951 |    0.0159    8.9476 |
  517.725    15  7966 |    0.0159    8.9635 |
  518.700    15  7981 |    0.0160    8.9795 |
  519.675    15  7996 |    0.0160    8.9955 |
  520.650    15  8011 |    0.0159    9.0114 |
  521.625    15  8026 |    0.0159    9.0274 |
  522.600    15  8041 |    0.0162    9.0435 |
  523.575    15  8056 |    0.0162    9.0597 |
  524.550    15  8071 |    0.0160    9.0757 |
  525.525    15  8086 |    0.0161    9.0918 |
  526.500    15  8101 |    0.0159    9.1078 |
  527.475    15  8116 |    0.0160    9.1237 |
  528.450    15  8131 |    0.0160    9.1397 |
  529.425    15  8146 |    0.0159    9.1556 |
  530.400    15  8161 |    0.0160    9.1716 |
  531.375    15  8176 |    0.0160    9.1876 |
  532.350    15  8191 |    0.0160    9.2036 |
  533.325    15  8206 |    0.0159    9.2195 |
  534.300    15  8221 |    0.0160    9.2355 |
  535.275    15  8236 |    0.0159    9.2514 |
  536.250    15  8251 |    0.0159    9.2673 |
  537.225    15  8266 |    0.0159    9.2832 |
  538.200    15  8281 |    0.0159    9.2991 |
  539.175    15  8296 |    0.0159    9.3150 |
  540.150    15  8311 |    0.0159    9.3309 |
  541.125    15  8326 |    0.0159    9.3467 |
  542.100    15  8341 |    0.0159    9.3626 |
  543.075    15  8356 |    0.0161    9.3788 |
  544.050    15  8371 |    0.0159    9.3946 |
  545.025    15  8386 |    0.0159    9.4105 |
  546.000    15  8401 |    0.0160    9.4265 |
  546.975    15  8416 |    0.0159    9.4424 |
  547.950    15  8431 |    0.0159    9.4583 |
  548.925    15  8446 |    0.0159    9.4742 |
  549.900    15  8461 |    0.0159    9.4901 |
  550.875    15  8476 |    0.0160    9.5061 |
  551.850    15  8491 |    0.0159    9.5220 |
  552.825    15  8506 |    0.0160    9.5380 |
  553.800    15  8521 |    0.0160    9.5540 |
  554.775    15  8536 |    0.0159    9.5699 |
  555.750    15  8551 |    0.0159    9.5858 |
  556.725    15  8566 |    0.0159    9.6017 |
  557.700    15  8581 |    0.0159    9.6177 |
  558.675    15  8596 |    0.0159    9.6336 |
  559.650    15  8611 |    0.0159    9.6495 |
  560.625    15  8626 |    0.0159    9.6653 |
  561.600    15  8641 |    0.0159    9.6812 |
  562.575    15  8656 |    0.0159    9.6971 |
  563.550    15  8671 |    0.0161    9.7132 |
  564.525    15  8686 |    0.0159    9.7291 |
  565.500    15  8701 |    0.0159    9.7450 |
  566.475    15  8716 |    0.0159    9.7610 |
  567.450    15  8731 |    0.0159    9.7769 |
  568.425    15  8746 |    0.0159    9.7928 |
  569.400    15  8761 |    0.0159    9.8087 |
  570.375    15  8776 |    0.0159    9.8245 |
  571.350    15  8791 |    0.0162    9.8408 |
  572.325    15  8806 |    0.0159    9.8567 |
  573.300    15  8821 |    0.0159    9.8726 |
  574.275    15  8836 |    0.0159    9.8885 |
  575.250    15  8851 |    0.0159    9.9044 |
  576.225    15  8866 |    0.0159    9.9203 |
  577.200    15  8881 |    0.0159    9.9362 |
  578.175    15  8896 |    0.0159    9.9521 |
  579.150    15  8911 |    0.0159    9.9679 |
  580.125    15  8926 |    0.0159    9.9838 |
  581.100    15  8941 |    0.0159    9.9997 |
  582.075    15  8956 |    0.0160   10.0157 |
  583.050    15  8971 |    0.0159   10.0316 |
  584.025    15  8986 |    0.0159   10.0475 |
  585.000    15  9001 |    0.0162   10.0637 |
  585.975    15  9016 |    0.0160   10.0797 |
  586.950    15  9031 |    0.0161   10.0958 |
  587.925    15  9046 |    0.0159   10.1117 |
  588.900    15  9061 |    0.0159   10.1276 |
  589.875    15  9076 |    0.0160   10.1436 |
  590.850    15  9091 |    0.0159   10.1594 |
  591.825    15  9106 |    0.0159   10.1754 |
  592.800    15  9121 |    0.0160   10.1913 |
  593.775    15  9136 |    0.0159   10.2073 |
  594.750    15  9151 |    0.0160   10.2232 |
  595.725    15  9166 |    0.0160   10.2392 |
  596.700    15  9181 |    0.0159   10.2551 |
  597.675    15  9196 |    0.0159   10.2710 |
  598.650    15  9211 |    0.0159   10.2869 |
  599.625    15  9226 |    0.0159   10.3029 |
  600.600    15  9241 |    0.0159   10.3188 |
  601.575    15  9256 |    0.0159   10.3348 |
  602.550    15  9271 |    0.0159   10.3507 |
  603.525    15  9286 |    0.0159   10.3666 |
  604.500    15  9301 |    0.0159   10.3825 |
  605.475    15  9316 |    0.0160   10.3985 |
  606.450    15  9331 |    0.0159   10.4145 |
  607.425    15  9346 |    0.0159   10.4304 |
  608.400    15  9361 |    0.0159   10.4463 |
  609.375    15  9376 |    0.0163   10.4625 |
  610.350    15  9391 |    0.0159   10.4784 |
  611.325    15  9406 |    0.0187   10.4971 |
  612.300    15  9421 |    0.0159   10.5130 |
  613.275    15  9436 |    0.0160   10.5289 |
  614.250    15  9451 |    0.0159   10.5449 |
  615.225    15  9466 |    0.0159   10.5607 |
  616.200    15  9481 |    0.0159   10.5766 |
  617.175    15  9496 |    0.0160   10.5926 |
  618.150    15  9511 |    0.0159   10.6086 |
  619.125    15  9526 |    0.0158   10.6244 |
  620.100    15  9541 |    0.0160   10.6404 |
  621.075    15  9556 |    0.0159   10.6562 |
  622.050    15  9571 |    0.0159   10.6721 |
  623.025    15  9586 |    0.0160   10.6881 |
  624.000    15  9601 |    0.0159   10.7040 |
  624.975    15  9616 |    0.0158   10.7198 |
  625.950    15  9631 |    0.0160   10.7358 |
  626.925    15  9646 |    0.0159   10.7517 |
  627.900    15  9661 |    0.0159   10.7676 |
  628.875    15  9676 |    0.0159   10.7835 |
  629.850    15  9691 |    0.0159   10.7994 |
  630.825    15  9706 |    0.0159   10.8153 |
  631.800    15  9721 |    0.0159   10.8312 |
  632.775    15  9736 |    0.0159   10.8472 |
  633.750    15  9751 |    0.0160   10.8631 |
  634.725    15  9766 |    0.0160   10.8791 |
  635.700    15  9781 |    0.0159   10.8950 |
  636.675    15  9796 |    0.0159   10.9109 |
  637.650    15  9811 |    0.0159   10.9268 |
  638.625    15  9826 |    0.0160   10.9428 |
  639.600    15  9841 |    0.0159   10.9587 |
  640.575    15  9856 |    0.0166   10.9753 |
  641.550    15  9871 |    0.0160   10.9913 |
  642.525    15  9886 |    0.0159   11.0072 |
  643.500    15  9901 |    0.0159   11.0231 |
  644.475    15  9916 |    0.0159   11.0390 |
  645.450    15  9931 |    0.0160   11.0550 |
  646.425    15  9946 |    0.0159   11.0709 |
  647.400    15  9961 |    0.0160   11.0869 |
  648.375    15  9976 |    0.0159   11.1029 |
  649.350    15  9991 |    0.0161   11.1190 |
  650.325    15 10006 |    0.0159   11.1349 |
  651.300    15 10021 |    0.0160   11.1510 |
  652.275    15 10036 |    0.0159   11.1668 |
  653.250    15 10051 |    0.0160   11.1828 |
  654.225    15 10066 |    0.0160   11.1988 |
  655.200    15 10081 |    0.0160   11.2148 |
  656.175    15 10096 |    0.0162   11.2310 |
  657.150    15 10111 |    0.0161   11.2470 |
  658.125    15 10126 |    0.0159   11.2629 |
  659.100    15 10141 |    0.0159   11.2788 |
  660.075    15 10156 |    0.0160   11.2948 |
  661.050    15 10171 |    0.0160   11.3108 |
  662.025    15 10186 |    0.0160   11.3267 |
  663.000    15 10201 |    0.0159   11.3426 |
  663.975    15 10216 |    0.0159   11.3586 |
  664.950    15 10231 |    0.0160   11.3745 |
  665.925    15 10246 |    0.0160   11.3905 |
  666.900    15 10261 |    0.0159   11.4065 |
  667.875    15 10276 |    0.0159   11.4224 |
  668.850    15 10291 |    0.0159   11.4383 |
  669.825    15 10306 |    0.0162   11.4545 |
  670.800    15 10321 |    0.0160   11.4705 |
  671.775    15 10336 |    0.0161   11.4866 |
  672.750    15 10351 |    0.0161   11.5026 |
  673.725    15 10366 |    0.0160   11.5187 |
  674.700    15 10381 |    0.0159   11.5346 |
  675.675    15 10396 |    0.0159   11.5505 |
  676.650    15 10411 |    0.0159   11.5664 |
  677.625    15 10426 |    0.0159   11.5823 |
  678.600    15 10441 |    0.0160   11.5983 |
  679.575    15 10456 |    0.0161   11.6144 |
  680.550    15 10471 |    0.0160   11.6304 |
  681.525    15 10486 |    0.0160   11.6464 |
  682.500    15 10501 |    0.0159   11.6623 |
  683.475    15 10516 |    0.0159   11.6782 |
  684.450    15 10531 |    0.0160   11.6942 |
  685.425    15 10546 |    0.0159   11.7101 |
  686.400    15 10561 |    0.0160   11.7261 |
  687.375    15 10576 |    0.0159   11.7420 |
  688.350    15 10591 |    0.0159   11.7579 |
  689.325    15 10606 |    0.0162   11.7741 |
  690.300    15 10621 |    0.0162   11.7903 |
  691.275    15 10636 |    0.0159   11.8062 |
  692.250    15 10651 |    0.0161   11.8223 |
  693.225    15 10666 |    0.0160   11.8383 |
  694.200    15 10681 |    0.0159   11.8543 |
  695.175    15 10696 |    0.0160   11.8702 |
  696.150    15 10711 |    0.0159   11.8861 |
  697.125    15 10726 |    0.0160   11.9021 |
  698.100    15 10741 |    0.0160   11.9181 |
  699.075    15 10756 |    0.0159   11.9340 |
  700.050    15 10771 |    0.0159   11.9500 |
  701.025    15 10786 |    0.0159   11.9659 |
  702.000    15 10801 |    0.0161   11.9820 |
  702.975    15 10816 |    0.0160   11.9980 |
  703.950    15 10831 |    0.0160   12.0140 |
  704.925    15 10846 |    0.0159   12.0299 |
  705.900    15 10861 |    0.0159   12.0458 |
  706.875    15 10876 |    0.0159   12.0617 |
  707.850    15 10891 |    0.0160   12.0777 |
  708.825    15 10906 |    0.0160   12.0937 |
  709.800    15 10921 |    0.0160   12.1097 |
  710.775    15 10936 |    0.0162   12.1259 |
  711.750    15 10951 |    0.0160   12.1419 |
  712.725    15 10966 |    0.0159   12.1578 |
  713.700    15 10981 |    0.0159   12.1738 |
  714.675    15 10996 |    0.0160   12.1897 |
  715.650    15 11011 |    0.0160   12.2057 |
  716.625    15 11026 |    0.0160   12.2217 |
  717.600    15 11041 |    0.0160   12.2377 |
  718.575    15 11056 |    0.0164   12.2541 |
  719.550    15 11071 |    0.0160   12.2700 |
  720.525    15 11086 |    0.0159   12.2860 |
  721.500    15 11101 |    0.0160   12.3020 |
  722.475    15 11116 |    0.0159   12.3179 |
  723.450    15 11131 |    0.0160   12.3339 |
  724.425    15 11146 |    0.0160   12.3499 |
  725.400    15 11161 |    0.0160   12.3659 |
  726.375    15 11176 |    0.0162   12.3820 |
  727.350    15 11191 |    0.0161   12.3981 |
  728.325    15 11206 |    0.0160   12.4141 |
  729.300    15 11221 |    0.0160   12.4300 |
  730.275    15 11236 |    0.0159   12.4459 |
  731.250    15 11251 |    0.0159   12.4618 |
  732.225    15 11266 |    0.0159   12.4778 |
  733.200    15 11281 |    0.0160   12.4937 |
  734.175    15 11296 |    0.0160   12.5098 |
  735.150    15 11311 |    0.0238   12.5335 |
  736.125    15 11326 |    0.0159   12.5494 |
  737.100    15 11341 |    0.0161   12.5656 |
  738.075    15 11356 |    0.0159   12.5815 |
  739.050    15 11371 |    0.0162   12.5977 |
  740.025    15 11386 |    0.0160   12.6137 |
  741.000    15 11401 |    0.0160   12.6297 |
  741.975    15 11416 |    0.0160   12.6458 |
  742.950    15 11431 |    0.0160   12.6617 |
  743.925    15 11446 |    0.0159   12.6777 |
  744.900    15 11461 |    0.0159   12.6936 |
  745.875    15 11476 |    0.0159   12.7096 |
  746.850    15 11491 |    0.0160   12.7255 |
  747.825    15 11506 |    0.0159   12.7414 |
  748.800    15 11521 |    0.0159   12.7573 |
  749.775    15 11536 |    0.0159   12.7733 |
  750.750    15 11551 |    0.0160   12.7893 |
  751.725    15 11566 |    0.0159   12.8051 |
  752.700    15 11581 |    0.0161   12.8212 |
  753.675    15 11596 |    0.0160   12.8373 |
  754.650    15 11611 |    0.0159   12.8532 |
  755.625    15 11626 |    0.0163   12.8695 |
  756.600    15 11641 |    0.0159   12.8854 |
  757.575    15 11656 |    0.0160   12.9014 |
  758.550    15 11671 |    0.0159   12.9173 |
  759.525    15 11686 |    0.0160   12.9333 |
  760.500    15 11701 |    0.0160   12.9492 |
  761.475    15 11716 |    0.0161   12.9653 |
  762.450    15 11731 |    0.0160   12.9813 |
  763.425    15 11746 |    0.0160   12.9973 |
  764.400    15 11761 |    0.0160   13.0134 |
  765.375    15 11776 |    0.0164   13.0298 |
  766.350    15 11791 |    0.0159   13.0457 |
  767.325    15 11806 |    0.0159   13.0616 |
  768.300    15 11821 |    0.0159   13.0775 |
  769.275    15 11836 |    0.0159   13.0934 |
  770.250    15 11851 |    0.0164   13.1098 |
  771.225    15 11866 |    0.0159   13.1257 |
  772.200    15 11881 |    0.0159   13.1416 |
  773.175    15 11896 |    0.0159   13.1575 |
  774.150    15 11911 |    0.0160   13.1735 |
  775.125    15 11926 |    0.0159   13.1894 |
  776.100    15 11941 |    0.0160   13.2054 |
  777.075    15 11956 |    0.0159   13.2213 |
  778.050    15 11971 |    0.0160   13.2373 |
  779.025    15 11986 |    0.0159   13.2531 |
  780.000    15 12001 |    0.0159   13.2690 |
  780.975    15 12016 |    0.0160   13.2850 |
  781.950    15 12031 |    0.0161   13.3011 |
  782.925    15 12046 |    0.0161   13.3172 |
  783.900    15 12061 |    0.0160   13.3331 |
  784.875    15 12076 |    0.0160   13.3492 |
  785.850    15 12091 |    0.0160   13.3652 |
  786.825    15 12106 |    0.0159   13.3811 |
  787.800    15 12121 |    0.0161   13.3973 |
  788.775    15 12136 |    0.0161   13.4133 |
  789.750    15 12151 |    0.0160   13.4293 |
  790.725    15 12166 |    0.0159   13.4453 |
  791.700    15 12181 |    0.0159   13.4612 |
  792.675    15 12196 |    0.0159   13.4771 |
  793.650    15 12211 |    0.0159   13.4930 |
  794.625    15 12226 |    0.0160   13.5090 |
  795.600    15 12241 |    0.0159   13.5249 |
  796.575    15 12256 |    0.0160   13.5409 |
  797.550    15 12271 |    0.0159   13.5568 |
  798.525    15 12286 |    0.0161   13.5728 |
  799.500    15 12301 |    0.0162   13.5890 |
  800.475    15 12316 |    0.0160   13.6050 |
  801.450    15 12331 |    0.0161   13.6210 |
  802.425    15 12346 |    0.0159   13.6369 |
  803.400    15 12361 |    0.0159   13.6528 |
  804.375    15 12376 |    0.0160   13.6688 |
  805.350    15 12391 |    0.0161   13.6849 |
  806.325    15 12406 |    0.0159   13.7007 |
  807.300    15 12421 |    0.0159   13.7166 |
  808.275    15 12436 |    0.0159   13.7326 |
  809.250    15 12451 |    0.0160   13.7485 |
  810.225    15 12466 |    0.0159   13.7645 |
  811.200    15 12481 |    0.0159   13.7804 |
  812.175    15 12496 |    0.0165   13.7968 |
  813.150    15 12511 |    0.0160   13.8128 |
  814.125    15 12526 |    0.0159   13.8287 |
  815.100    15 12541 |    0.0161   13.8448 |
  816.075    15 12556 |    0.0159   13.8608 |
  817.050    15 12571 |    0.0160   13.8767 |
  818.025    15 12586 |    0.0160   13.8928 |
  819.000    15 12601 |    0.0160   13.9088 |
  819.975    15 12616 |    0.0159   13.9247 |
  820.950    15 12631 |    0.0159   13.9406 |
  821.925    15 12646 |    0.0159   13.9565 |
  822.900    15 12661 |    0.0159   13.9724 |
  823.875    15 12676 |    0.0159   13.9884 |
  824.850    15 12691 |    0.0160   14.0044 |
  825.825    15 12706 |    0.0160   14.0204 |
  826.800    15 12721 |    0.0160   14.0364 |
  827.775    15 12736 |    0.0160   14.0524 |
  828.750    15 12751 |    0.0161   14.0684 |
  829.725    15 12766 |    0.0161   14.0846 |
  830.700    15 12781 |    0.0160   14.1006 |
  831.675    15 12796 |    0.0159   14.1165 |
  832.650    15 12811 |    0.0160   14.1324 |
  833.625    15 12826 |    0.0161   14.1485 |
  834.600    15 12841 |    0.0159   14.1644 |
  835.575    15 12856 |    0.0160   14.1805 |
  836.550    15 12871 |    0.0159   14.1964 |
  837.525    15 12886 |    0.0161   14.2125 |
  838.500    15 12901 |    0.0159   14.2284 |
  839.475    15 12916 |    0.0160   14.2445 |
  840.450    15 12931 |    0.0160   14.2605 |
  841.425    15 12946 |    0.0159   14.2765 |
  842.400    15 12961 |    0.0160   14.2925 |
  843.375    15 12976 |    0.0160   14.3085 |
  844.350    15 12991 |    0.0159   14.3244 |
  845.325    15 13006 |    0.0159   14.3403 |
  846.300    15 13021 |    0.0159   14.3562 |
  847.275    15 13036 |    0.0160   14.3722 |
  848.250    15 13051 |    0.0160   14.3882 |
  849.225    15 13066 |    0.0160   14.4042 |
  850.200    15 13081 |    0.0159   14.4201 |
  851.175    15 13096 |    0.0159   14.4361 |
  852.150    15 13111 |    0.0159   14.4520 |
  853.125    15 13126 |    0.0160   14.4680 |
  854.100    15 13141 |    0.0160   14.4840 |
  855.075    15 13156 |    0.0159   14.4999 |
  856.050    15 13171 |    0.0159   14.5159 |
  857.025    15 13186 |    0.0163   14.5322 |
  858.000    15 13201 |    0.0160   14.5482 |
  858.975    15 13216 |    0.0161   14.5644 |
  859.950    15 13231 |    0.0161   14.5804 |
  860.925    15 13246 |    0.0160   14.5964 |
  861.900    15 13261 |    0.0160   14.6124 |
  862.875    15 13276 |    0.0160   14.6284 |
  863.850    15 13291 |    0.0159   14.6443 |
  864.825    15 13306 |    0.0159   14.6602 |
  865.800    15 13321 |    0.0161   14.6763 |
  866.775    15 13336 |    0.0160   14.6923 |
  867.750    15 13351 |    0.0159   14.7082 |
  868.725    15 13366 |    0.0159   14.7242 |
  869.700    15 13381 |    0.0159   14.7401 |
  870.675    15 13396 |    0.0160   14.7560 |
  871.650    15 13411 |    0.0160   14.7720 |
  872.625    15 13426 |    0.0160   14.7880 |
  873.600    15 13441 |    0.0160   14.8040 |
  874.575    15 13456 |    0.0160   14.8199 |
  875.550    15 13471 |    0.0160   14.8360 |
  876.525    15 13486 |    0.0159   14.8519 |
  877.500    15 13501 |    0.0165   14.8684 |
  878.475    15 13516 |    0.0159   14.8843 |
  879.450    15 13531 |    0.0160   14.9003 |
  880.425    15 13546 |    0.0160   14.9164 |
  881.400    15 13561 |    0.0159   14.9323 |
  882.375    15 13576 |    0.0160   14.9483 |
  883.350    15 13591 |    0.0160   14.9642 |
  884.325    15 13606 |    0.0160   14.9802 |
  885.300    15 13621 |    0.0159   14.9961 |
  886.275    15 13636 |    0.0159   15.0120 |
  887.250    15 13651 |    0.0159   15.0279 |
  888.225    15 13666 |    0.0160   15.0439 |
  889.200    15 13681 |    0.0161   15.0599 |
  890.175    15 13696 |    0.0160   15.0759 |
  891.150    15 13711 |    0.0160   15.0919 |
  892.125    15 13726 |    0.0160   15.1079 |
  893.100    15 13741 |    0.0160   15.1239 |
  894.075    15 13756 |    0.0160   15.1399 |
  895.050    15 13771 |    0.0160   15.1559 |
  896.025    15 13786 |    0.0160   15.1719 |
  897.000    15 13801 |    0.0160   15.1879 |
  897.975    15 13816 |    0.0160   15.2039 |
  898.950    15 13831 |    0.0161   15.2199 |
  899.925    15 13846 |    0.0163   15.2363 |
  900.900    15 13861 |    0.0160   15.2522 |
  901.875    15 13876 |    0.0159   15.2681 |
  902.850    15 13891 |    0.0160   15.2841 |
  903.825    15 13906 |    0.0160   15.3001 |
  904.800    15 13921 |    0.0161   15.3162 |
  905.775    15 13936 |    0.0165   15.3327 |
  906.750    15 13951 |    0.0159   15.3486 |
  907.725    15 13966 |    0.0160   15.3646 |
  908.700    15 13981 |    0.0159   15.3805 |
  909.675    15 13996 |    0.0159   15.3964 |
  910.650    15 14011 |    0.0161   15.4124 |
  911.625    15 14026 |    0.0159   15.4284 |
  912.600    15 14041 |    0.0160   15.4444 |
  913.575    15 14056 |    0.0159   15.4603 |
  914.550    15 14071 |    0.0161   15.4764 |
  915.525    15 14086 |    0.0160   15.4924 |
  916.500    15 14101 |    0.0159   15.5082 |
  917.475    15 14116 |    0.0159   15.5242 |
  918.450    15 14131 |    0.0160   15.5401 |
  919.425    15 14146 |    0.0160   15.5561 |
  920.400    15 14161 |    0.0160   15.5721 |
  921.375    15 14176 |    0.0160   15.5881 |
  922.350    15 14191 |    0.0159   15.6040 |
  923.325    15 14206 |    0.0159   15.6199 |
  924.300    15 14221 |    0.0161   15.6360 |
  925.275    15 14236 |    0.0159   15.6519 |
  926.250    15 14251 |    0.0159   15.6678 |
  927.225    15 14266 |    0.0160   15.6838 |
  928.200    15 14281 |    0.0159   15.6997 |
  929.175    15 14296 |    0.0160   15.7157 |
  930.150    15 14311 |    0.0160   15.7316 |
  931.125    15 14326 |    0.0159   15.7476 |
  932.100    15 14341 |    0.0160   15.7635 |
  933.075    15 14356 |    0.0160   15.7795 |
  934.050    15 14371 |    0.0160   15.7955 |
  935.025    15 14386 |    0.0159   15.8114 |
  936.000    15 14401 |    0.0160   15.8274 |
  936.975    15 14416 |    0.0159   15.8432 |
  937.950    15 14431 |    0.0159   15.8591 |
  938.925    15 14446 |    0.0159   15.8750 |
  939.900    15 14461 |    0.0160   15.8910 |
  940.875    15 14476 |    0.0160   15.9070 |
  941.850    15 14491 |    0.0160   15.9230 |
  942.825    15 14506 |    0.0159   15.9389 |
  943.800    15 14521 |    0.0160   15.9549 |
  944.775    15 14536 |    0.0161   15.9709 |
  945.750    15 14551 |    0.0159   15.9868 |
  946.725    15 14566 |    0.0160   16.0028 |
  947.700    15 14581 |    0.0159   16.0187 |
  948.675    15 14596 |    0.0160   16.0347 |
  949.650    15 14611 |    0.0159   16.0506 |
  950.625    15 14626 |    0.0160   16.0667 |
  951.600    15 14641 |    0.0163   16.0830 |
  952.575    15 14656 |    0.0164   16.0993 |
  953.550    15 14671 |    0.0160   16.1153 |
  954.525    15 14686 |    0.0160   16.1313 |
  955.500    15 14701 |    0.0160   16.1472 |
  956.475    15 14716 |    0.0161   16.1633 |
  957.450    15 14731 |    0.0161   16.1795 |
  958.425    15 14746 |    0.0159   16.1954 |
  959.400    15 14761 |    0.0159   16.2113 |
  960.375    15 14776 |    0.0160   16.2273 |
  961.350    15 14791 |    0.0159   16.2432 |
  962.325    15 14806 |    0.0159   16.2591 |
  963.300    15 14821 |    0.0161   16.2752 |
  964.275    15 14836 |    0.0159   16.2910 |
  965.250    15 14851 |    0.0160   16.3071 |
  966.225    15 14866 |    0.0159   16.3230 |
  967.200    15 14881 |    0.0159   16.3389 |
  968.175    15 14896 |    0.0160   16.3549 |
  969.150    15 14911 |    0.0159   16.3708 |
  970.125    15 14926 |    0.0160   16.3868 |
  971.100    15 14941 |    0.0161   16.4029 |
  972.075    15 14956 |    0.0160   16.4189 |
  973.050    15 14971 |    0.0160   16.4349 |
  974.025    15 14986 |    0.0162   16.4511 |
  975.000    15 15001 |    0.0159   16.4669 |
  975.975    15 15016 |    0.0160   16.4829 |
  976.950    15 15031 |    0.0159   16.4988 |
  977.925    15 15046 |    0.0159   16.5148 |
  978.900    15 15061 |    0.0159   16.5307 |
  979.875    15 15076 |    0.0160   16.5467 |
  980.850    15 15091 |    0.0159   16.5625 |
  981.825    15 15106 |    0.0159   16.5785 |
  982.800    15 15121 |    0.0162   16.5947 |
  983.775    15 15136 |    0.0159   16.6106 |
  984.750    15 15151 |    0.0161   16.6267 |
  985.725    15 15166 |    0.0161   16.6429 |
  986.700    15 15181 |    0.0160   16.6589 |
  987.675    15 15196 |    0.0160   16.6748 |
  988.650    15 15211 |    0.0162   16.6910 |
  989.625    15 15226 |    0.0160   16.7070 |
  990.600    15 15241 |    0.0160   16.7230 |
  991.575    15 15256 |    0.0160   16.7390 |
  992.550    15 15271 |    0.0159   16.7548 |
  993.525    15 15286 |    0.0159   16.7707 |
  994.500    15 15301 |    0.0159   16.7867 |
  995.475    15 15316 |    0.0159   16.8026 |
  996.450    15 15331 |    0.0159   16.8185 |
  997.425    15 15346 |    0.0159   16.8344 |
  998.400    15 15361 |    0.0164   16.8508 |
  999.375    15 15376 |    0.0159   16.8667 |
