          ----- ----- | --------- --------- |
            cls ttcls |      time  tot time |
    0.000     1     1 |    0.0024    0.0024 |
    0.975    15    16 |    0.0308    0.0333 |
    1.950    15    31 |    0.0311    0.0643 |
    2.925    15    46 |    0.0308    0.0951 |
    3.900    15    61 |    0.0310    0.1261 |
    4.875    15    76 |    0.0307    0.1569 |
    5.850    15    91 |    0.0308    0.1876 |
    6.825    15   106 |    0.0307    0.2184 |
    7.800    15   121 |    0.0308    0.2492 |
    8.775    15   136 |    0.0309    0.2801 |
    9.750    15   151 |    0.0308    0.3108 |
   10.725    15   166 |    0.0313    0.3422 |
   11.700    15   181 |    0.0307    0.3729 |
   12.675    15   196 |    0.0308    0.4037 |
   13.650    15   211 |    0.0309    0.4346 |
   14.625    15   226 |    0.0311    0.4656 |
   15.600    15   241 |    0.0308    0.4964 |
   16.575    15   256 |    0.0308    0.5272 |
   17.550    15   271 |    0.0308    0.5580 |
   18.525    15   286 |    0.0310    0.5890 |
   19.500    15   301 |    0.0308    0.6197 |
   20.475    15   316 |    0.0308    0.6505 |
   21.450    15   331 |    0.0309    0.6814 |
   22.425    15   346 |    0.0310    0.7124 |
   23.400    15   361 |    0.0308    0.7432 |
   24.375    15   376 |    0.0310    0.7742 |
   25.350    15   391 |    0.0309    0.8052 |
   26.325    15   406 |    0.0307    0.8359 |
   27.300    15   421 |    0.0312    0.8671 |
   28.275    15   436 |    0.0308    0.8979 |
   29.250    15   451 |    0.0309    0.9288 |
   30.225    15   466 |    0.0308    0.9596 |
   31.200    15   481 |    0.0308    0.9905 |
   32.175    15   496 |    0.0307    1.0211 |
   33.150    15   511 |    0.0307    1.0519 |
   34.125    15   526 |    0.0310    1.0828 |
   35.100    15   541 |    0.0307    1.1136 |
   36.075    15   556 |    0.0309    1.1445 |
   37.050    15   571 |    0.0308    1.1753 |
   38.025    15   586 |    0.0308    1.2061 |
   39.000    15   601 |    0.0308    1.2369 |
   39.975    15   616 |    0.0308    1.2678 |
   40.950    15   631 |    0.0307    1.2985 |
   41.925    15   646 |    0.0309    1.3294 |
   42.900    15   661 |    0.0310    1.3603 |
   43.875    15   676 |    0.0310    1.3913 |
   44.850    15   691 |    0.0308    1.4221 |
   45.825    15   706 |    0.0308    1.4530 |
   46.800    15   721 |    0.0309    1.4839 |
   47.775    15   736 |    0.0303    1.5141 |
   48.750    15   751 |    0.0312    1.5453 |
   49.725    15   766 |    0.0307    1.5760 |
   50.700    15   781 |    0.0310    1.6070 |
   51.675    15   796 |    0.0308    1.6378 |
   52.650    15   811 |    0.0308    1.6686 |
   53.625    15   826 |    0.0308    1.6993 |
   54.600    15   841 |    0.0308    1.7301 |
   55.575    15   856 |    0.0309    1.7610 |
   56.550    15   871 |    0.0309    1.7919 |
   57.525    15   886 |    0.0307    1.8226 |
   58.500    15   901 |    0.0311    1.8537 |
   59.475    15   916 |    0.0307    1.8845 |
   60.450    15   931 |    0.0308    1.9153 |
   61.425    15   946 |    0.0308    1.9461 |
   62.400    15   961 |    0.0307    1.9768 |
   63.375    15   976 |    0.0308    2.0075 |
   64.350    15   991 |    0.0307    2.0382 |
   65.325    15  1006 |    0.0307    2.0690 |
   66.300    15  1021 |    0.0309    2.0999 |
   67.275    15  1036 |    0.0307    2.1306 |
   68.250    15  1051 |    0.0308    2.1614 |
   69.225    15  1066 |    0.0307    2.1921 |
   70.200    15  1081 |    0.0308    2.2230 |
   71.175    15  1096 |    0.0308    2.2538 |
   72.150    15  1111 |    0.0307    2.2845 |
   73.125    15  1126 |    0.0308    2.3153 |
   74.100    15  1141 |    0.0307    2.3460 |
   75.075    15  1156 |    0.0307    2.3767 |
   76.050    15  1171 |    0.0310    2.4077 |
   77.025    15  1186 |    0.0308    2.4385 |
   78.000    15  1201 |    0.0307    2.4692 |
   78.975    15  1216 |    0.0308    2.5000 |
   79.950    15  1231 |    0.0310    2.5310 |
   80.925    15  1246 |    0.0308    2.5619 |
   81.900    15  1261 |    0.0307    2.5926 |
   82.875    15  1276 |    0.0307    2.6233 |
   83.850    15  1291 |    0.0309    2.6542 |
   84.825    15  1306 |    0.0309    2.6851 |
   85.800    15  1321 |    0.0309    2.7159 |
   86.775    15  1336 |    0.0307    2.7466 |
   87.750    15  1351 |    0.0307    2.7774 |
   88.725    15  1366 |    0.0309    2.8082 |
   89.700    15  1381 |    0.0308    2.8390 |
   90.675    15  1396 |    0.0308    2.8698 |
   91.650    15  1411 |    0.0307    2.9006 |
   92.625    15  1426 |    0.0308    2.9313 |
   93.600    15  1441 |    0.0308    2.9622 |
   94.575    15  1456 |    0.0308    2.9929 |
   95.550    15  1471 |    0.0307    3.0236 |
   96.525    15  1486 |    0.0312    3.0548 |
   97.500    15  1501 |    0.0307    3.0855 |
   98.475    15  1516 |    0.0309    3.1164 |
   99.450    15  1531 |    0.0308    3.1472 |
  100.425    15  1546 |    0.0309    3.1781 |
  101.400    15  1561 |    0.0307    3.2088 |
  102.375    15  1576 |    0.0307    3.2395 |
  103.350    15  1591 |    0.0308    3.2703 |
  104.325    15  1606 |    0.0308    3.3011 |
  105.300    15  1621 |    0.0312    3.3323 |
  106.275    15  1636 |    0.0308    3.3631 |
  107.250    15  1651 |    0.0308    3.3939 |
  108.225    15  1666 |    0.0309    3.4248 |
  109.200    15  1681 |    0.0307    3.4556 |
  110.175    15  1696 |    0.0310    3.4865 |
  111.150    15  1711 |    0.0309    3.5174 |
  112.125    15  1726 |    0.0308    3.5481 |
  113.100    15  1741 |    0.0308    3.5790 |
  114.075    15  1756 |    0.0309    3.6098 |
  115.050    15  1771 |    0.0307    3.6405 |
  116.025    15  1786 |    0.0310    3.6715 |
  117.000    15  1801 |    0.0307    3.7022 |
  117.975    15  1816 |    0.0307    3.7329 |
  118.950    15  1831 |    0.0308    3.7637 |
  119.925    15  1846 |    0.0307    3.7944 |
  120.900    15  1861 |    0.0309    3.8253 |
  121.875    15  1876 |    0.0307    3.8560 |
  122.850    15  1891 |    0.0307    3.8867 |
  123.825    15  1906 |    0.0309    3.9176 |
  124.800    15  1921 |    0.0307    3.9483 |
  125.775    15  1936 |    0.0310    3.9793 |
  126.750    15  1951 |    0.0308    4.0101 |
  127.725    15  1966 |    0.0308    4.0408 |
  128.700    15  1981 |    0.0308    4.0716 |
  129.675    15  1996 |    0.0308    4.1024 |
  130.650    15  2011 |    0.0307    4.1331 |
  131.625    15  2026 |    0.0308    4.1639 |
  132.600    15  2041 |    0.0327    4.1967 |
  133.575    15  2056 |    0.0308    4.2275 |
  134.550    15  2071 |    0.0308    4.2583 |
  135.525    15  2086 |    0.0308    4.2891 |
  136.500    15  2101 |    0.0308    4.3198 |
  137.475    15  2116 |    0.0309    4.3507 |
  138.450    15  2131 |    0.0311    4.3818 |
  139.425    15  2146 |    0.0311    4.4128 |
  140.400    15  2161 |    0.0307    4.4436 |
  141.375    15  2176 |    0.0309    4.4744 |
  142.350    15  2191 |    0.0310    4.5054 |
  143.325    15  2206 |    0.0307    4.5361 |
  144.300    15  2221 |    0.0311    4.5672 |
  145.275    15  2236 |    0.0308    4.5980 |
  146.250    15  2251 |    0.0308    4.6288 |
  147.225    15  2266 |    0.0307    4.6595 |
  148.200    15  2281 |    0.0308    4.6903 |
  149.175    15  2296 |    0.0308    4.7211 |
  150.150    15  2311 |    0.0307    4.7518 |
  151.125    15  2326 |    0.0308    4.7826 |
  152.100    15  2341 |    0.0308    4.8134 |
  153.075    15  2356 |    0.0310    4.8444 |
  154.050    15  2371 |    0.0310    4.8754 |
  155.025    15  2386 |    0.0307    4.9062 |
  156.000    15  2401 |    0.0307    4.9369 |
  156.975    15  2416 |    0.0308    4.9676 |
  157.950    15  2431 |    0.0307    4.9984 |
  158.925    15  2446 |    0.0308    5.0292 |
  159.900    15  2461 |    0.0309    5.0602 |
  160.875    15  2476 |    0.0310    5.0911 |
  161.850    15  2491 |    0.0308    5.1219 |
  162.825    15  2506 |    0.0309    5.1529 |
  163.800    15  2521 |    0.0311    5.1839 |
  164.775    15  2536 |    0.0307    5.2146 |
  165.750    15  2551 |    0.0310    5.2456 |
  166.725    15  2566 |    0.0308    5.2765 |
  167.700    15  2581 |    0.0307    5.3072 |
  168.675    15  2596 |    0.0308    5.3380 |
  169.650    15  2611 |    0.0309    5.3689 |
  170.625    15  2626 |    0.0308    5.3997 |
  171.600    15  2641 |    0.0308    5.4305 |
  172.575    15  2656 |    0.0308    5.4613 |
  173.550    15  2671 |    0.0308    5.4921 |
  174.525    15  2686 |    0.0307    5.5228 |
  175.500    15  2701 |    0.0308    5.5535 |
  176.475    15  2716 |    0.0307    5.5843 |
  177.450    15  2731 |    0.0308    5.6150 |
  178.425    15  2746 |    0.0312    5.6463 |
  179.400    15  2761 |    0.0308    5.6771 |
  180.375    15  2776 |    0.0308    5.7079 |
  181.350    15  2791 |    0.0308    5.7387 |
  182.325    15  2806 |    0.0307    5.7694 |
  183.300    15  2821 |    0.0310    5.8004 |
  184.275    15  2836 |    0.0309    5.8313 |
  185.250    15  2851 |    0.0310    5.8623 |
  186.225    15  2866 |    0.0308    5.8931 |
  187.200    15  2881 |    0.0307    5.9238 |
  188.175    15  2896 |    0.0309    5.9547 |
  189.150    15  2911 |    0.0308    5.9855 |
  190.125    15  2926 |    0.0309    6.0164 |
  191.100    15  2941 |    0.0307    6.0471 |
  192.075    15  2956 |    0.0308    6.0779 |
  193.050    15  2971 |    0.0309    6.1088 |
  194.025    15  2986 |    0.0315    6.1403 |
  195.000    15  3001 |    0.0308    6.1711 |
  195.975    15  3016 |    0.0315    6.2025 |
  196.950    15  3031 |    0.0318    6.2343 |
  197.925    15  3046 |    0.0312    6.2655 |
  198.900    15  3061 |    0.0311    6.2966 |
  199.875    15  3076 |    0.0313    6.3280 |
  200.850    15  3091 |    0.0237    6.3516 |
  201.825    15  3106 |    0.0215    6.3731 |
  202.800    15  3121 |    0.0216    6.3947 |
  203.775    15  3136 |    0.0219    6.4167 |
  204.750    15  3151 |    0.0217    6.4384 |
  205.725    15  3166 |    0.0217    6.4601 |
  206.700    15  3181 |    0.0218    6.4818 |
  207.675    15  3196 |    0.0217    6.5036 |
  208.650    15  3211 |    0.0216    6.5252 |
  209.625    15  3226 |    0.0216    6.5468 |
  210.600    15  3241 |    0.0220    6.5688 |
  211.575    15  3256 |    0.0217    6.5905 |
  212.550    15  3271 |    0.0218    6.6124 |
  213.525    15  3286 |    0.0217    6.6340 |
  214.500    15  3301 |    0.0217    6.6557 |
  215.475    15  3316 |    0.0216    6.6773 |
  216.450    15  3331 |    0.0213    6.6987 |
  217.425    15  3346 |    0.0214    6.7200 |
  218.400    15  3361 |    0.0215    6.7415 |
  219.375    15  3376 |    0.0217    6.7632 |
  220.350    15  3391 |    0.0214    6.7846 |
  221.325    15  3406 |    0.0215    6.8061 |
  222.300    15  3421 |    0.0219    6.8280 |
  223.275    15  3436 |    0.0215    6.8495 |
  224.250    15  3451 |    0.0214    6.8710 |
  225.225    15  3466 |    0.0217    6.8926 |
  226.200    15  3481 |    0.0215    6.9142 |
  227.175    15  3496 |    0.0215    6.9357 |
  228.150    15  3511 |    0.0216    6.9573 |
  229.125    15  3526 |    0.0215    6.9788 |
  230.100    15  3541 |    0.0214    7.0002 |
  231.075    15  3556 |    0.0216    7.0217 |
  232.050    15  3571 |    0.0215    7.0433 |
  233.025    15  3586 |    0.0217    7.0650 |
  234.000    15  3601 |    0.0215    7.0865 |
  234.975    15  3616 |    0.0218    7.1082 |
  235.950    15  3631 |    0.0231    7.1314 |
  236.925    15  3646 |    0.0215    7.1529 |
  237.900    15  3661 |    0.0215    7.1744 |
  238.875    15  3676 |    0.0215    7.1959 |
  239.850    15  3691 |    0.0216    7.2176 |
  240.825    15  3706 |    0.0216    7.2391 |
  241.800    15  3721 |    0.0216    7.2607 |
  242.775    15  3736 |    0.0217    7.2824 |
  243.750    15  3751 |    0.0216    7.3040 |
  244.725    15  3766 |    0.0215    7.3256 |
  245.700    15  3781 |    0.0215    7.3471 |
  246.675    15  3796 |    0.0217    7.3688 |
  247.650    15  3811 |    0.0216    7.3904 |
  248.625    15  3826 |    0.0216    7.4120 |
  249.600    15  3841 |    0.0216    7.4336 |
  250.575    15  3856 |    0.0215    7.4551 |
  251.550    15  3871 |    0.0242    7.4793 |
  252.525    15  3886 |    0.0216    7.5009 |
  253.500    15  3901 |    0.0220    7.5229 |
  254.475    15  3916 |    0.0218    7.5447 |
  255.450    15  3931 |    0.0216    7.5663 |
  256.425    15  3946 |    0.0217    7.5880 |
  257.400    15  3961 |    0.0217    7.6097 |
  258.375    15  3976 |    0.0217    7.6314 |
  259.350    15  3991 |    0.0216    7.6530 |
  260.325    15  4006 |    0.0215    7.6745 |
  261.300    15  4021 |    0.0216    7.6961 |
  262.275    15  4036 |    0.0217    7.7178 |
  263.250    15  4051 |    0.0216    7.7394 |
  264.225    15  4066 |    0.0216    7.7611 |
  265.200    15  4081 |    0.0216    7.7827 |
  266.175    15  4096 |    0.0218    7.8044 |
  267.150    15  4111 |    0.0216    7.8260 |
  268.125    15  4126 |    0.0217    7.8477 |
  269.100    15  4141 |    0.0217    7.8694 |
  270.075    15  4156 |    0.0215    7.8909 |
  271.050    15  4171 |    0.0216    7.9125 |
  272.025    15  4186 |    0.0216    7.9341 |
  273.000    15  4201 |    0.0216    7.9557 |
  273.975    15  4216 |    0.0218    7.9775 |
  274.950    15  4231 |    0.0217    7.9992 |
  275.925    15  4246 |    0.0215    8.0207 |
  276.900    15  4261 |    0.0215    8.0421 |
  277.875    15  4276 |    0.0216    8.0637 |
  278.850    15  4291 |    0.0216    8.0853 |
  279.825    15  4306 |    0.0217    8.1069 |
  280.800    15  4321 |    0.0216    8.1285 |
  281.775    15  4336 |    0.0215    8.1500 |
  282.750    15  4351 |    0.0213    8.1713 |
  283.725    15  4366 |    0.0221    8.1934 |
  284.700    15  4381 |    0.0216    8.2151 |
  285.675    15  4396 |    0.0216    8.2367 |
  286.650    15  4411 |    0.0215    8.2582 |
  287.625    15  4426 |    0.0215    8.2797 |
  288.600    15  4441 |    0.0218    8.3015 |
  289.575    15  4456 |    0.0216    8.3231 |
  290.550    15  4471 |    0.0215    8.3446 |
  291.525    15  4486 |    0.0223    8.3669 |
  292.500    15  4501 |    0.0216    8.3885 |
  293.475    15  4516 |    0.0213    8.4098 |
  294.450    15  4531 |    0.0213    8.4311 |
  295.425    15  4546 |    0.0213    8.4524 |
  296.400    15  4561 |    0.0214    8.4738 |
  297.375    15  4576 |    0.0213    8.4951 |
  298.350    15  4591 |    0.0214    8.5165 |
  299.325    15  4606 |    0.0213    8.5379 |
  300.300    15  4621 |    0.0215    8.5593 |
  301.275    15  4636 |    0.0213    8.5806 |
  302.250    15  4651 |    0.0216    8.6022 |
  303.225    15  4666 |    0.0217    8.6239 |
  304.200    15  4681 |    0.0217    8.6456 |
  305.175    15  4696 |    0.0215    8.6671 |
  306.150    15  4711 |    0.0214    8.6885 |
  307.125    15  4726 |    0.0213    8.7097 |
  308.100    15  4741 |    0.0214    8.7311 |
  309.075    15  4756 |    0.0213    8.7524 |
  310.050    15  4771 |    0.0214    8.7738 |
  311.025    15  4786 |    0.0214    8.7952 |
  312.000    15  4801 |    0.0213    8.8165 |
  312.975    15  4816 |    0.0214    8.8379 |
  313.950    15  4831 |    0.0213    8.8592 |
  314.925    15  4846 |    0.0216    8.8807 |
  315.900    15  4861 |    0.0215    8.9023 |
  316.875    15  4876 |    0.0215    8.9238 |
  317.850    15  4891 |    0.0215    8.9452 |
  318.825    15  4906 |    0.0214    8.9667 |
  319.800    15  4921 |    0.0213    8.9880 |
  320.775    15  4936 |    0.0215    9.0094 |
  321.750    15  4951 |    0.0214    9.0309 |
  322.725    15  4966 |    0.0213    9.0522 |
  323.700    15  4981 |    0.0214    9.0736 |
  324.675    15  4996 |    0.0213    9.0949 |
  325.650    15  5011 |    0.0213    9.1163 |
  326.625    15  5026 |    0.0214    9.1377 |
  327.600    15  5041 |    0.0213    9.1590 |
  328.575    15  5056 |    0.0214    9.1804 |
  329.550    15  5071 |    0.0213    9.2017 |
  330.525    15  5086 |    0.0214    9.2230 |
  331.500    15  5101 |    0.0214    9.2444 |
  332.475    15  5116 |    0.0213    9.2657 |
  333.450    15  5131 |    0.0213    9.2871 |
  334.425    15  5146 |    0.0214    9.3084 |
  335.400    15  5161 |    0.0214    9.3298 |
  336.375    15  5176 |    0.0213    9.3512 |
  337.350    15  5191 |    0.0213    9.3725 |
  338.325    15  5206 |    0.0214    9.3939 |
  339.300    15  5221 |    0.0213    9.4152 |
  340.275    15  5236 |    0.0215    9.4366 |
  341.250    15  5251 |    0.0215    9.4581 |
  342.225    15  5266 |    0.0214    9.4795 |
  343.200    15  5281 |    0.0213    9.5009 |
  344.175    15  5296 |    0.0213    9.5222 |
  345.150    15  5311 |    0.0214    9.5436 |
  346.125    15  5326 |    0.0213    9.5649 |
  347.100    15  5341 |    0.0214    9.5862 |
  348.075    15  5356 |    0.0214    9.6076 |
  349.050    15  5371 |    0.0213    9.6289 |
  350.025    15  5386 |    0.0213    9.6502 |
  351.000    15  5401 |    0.0216    9.6718 |
  351.975    15  5416 |    0.0213    9.6931 |
  352.950    15  5431 |    0.0213    9.7145 |
  353.925    15  5446 |    0.0213    9.7358 |
  354.900    15  5461 |    0.0213    9.7571 |
  355.875    15  5476 |    0.0213    9.7784 |
  356.850    15  5491 |    0.0214    9.7998 |
  357.825    15  5506 |    0.0213    9.8211 |
  358.800    15  5521 |    0.0214    9.8425 |
  359.775    15  5536 |    0.0213    9.8638 |
  360.750    15  5551 |    0.0213    9.8851 |
  361.725    15  5566 |    0.0213    9.9064 |
  362.700    15  5581 |    0.0214    9.9278 |
  363.675    15  5596 |    0.0213    9.9491 |
  364.650    15  5611 |    0.0213    9.9704 |
  365.625    15  5626 |    0.0213    9.9917 |
  366.600    15  5641 |    0.0214   10.0131 |
  367.575    15  5656 |    0.0214   10.0345 |
  368.550    15  5671 |    0.0213   10.0557 |
  369.525    15  5686 |    0.0214   10.0771 |
  370.500    15  5701 |    0.0213   10.0984 |
  371.475    15  5716 |    0.0213   10.1198 |
  372.450    15  5731 |    0.0213   10.1411 |
  373.425    15  5746 |    0.0213   10.1624 |
  374.400    15  5761 |    0.0214   10.1838 |
  375.375    15  5776 |    0.0214   10.2052 |
  376.350    15  5791 |    0.0214   10.2265 |
  377.325    15  5806 |    0.0214   10.2479 |
  378.300    15  5821 |    0.0214   10.2693 |
  379.275    15  5836 |    0.0215   10.2908 |
  380.250    15  5851 |    0.0214   10.3121 |
  381.225    15  5866 |    0.0213   10.3334 |
  382.200    15  5881 |    0.0221   10.3556 |
  383.175    15  5896 |    0.0214   10.3770 |
  384.150    15  5911 |    0.0214   10.3984 |
  385.125    15  5926 |    0.0215   10.4199 |
  386.100    15  5941 |    0.0213   10.4412 |
  387.075    15  5956 |    0.0214   10.4627 |
  388.050    15  5971 |    0.0214   10.4840 |
  389.025    15  5986 |    0.0213   10.5053 |
  390.000    15  6001 |    0.0215   10.5268 |
  390.975    15  6016 |    0.0213   10.5481 |
  391.950    15  6031 |    0.0214   10.5696 |
  392.925    15  6046 |    0.0214   10.5910 |
  393.900    15  6061 |    0.0214   10.6124 |
  394.875    15  6076 |    0.0214   10.6337 |
  395.850    15  6091 |    0.0215   10.6553 |
  396.825    15  6106 |    0.0215   10.6767 |
  397.800    15  6121 |    0.0217   10.6984 |
  398.775    15  6136 |    0.0216   10.7200 |
  399.750    15  6151 |    0.0214   10.7414 |
  400.725    15  6166 |    0.0214   10.7628 |
  401.700    15  6181 |    0.0214   10.7842 |
  402.675    15  6196 |    0.0212   10.8055 |
  403.650    15  6211 |    0.0213   10.8268 |
  404.625    15  6226 |    0.0213   10.8481 |
  405.600    15  6241 |    0.0213   10.8694 |
  406.575    15  6256 |    0.0214   10.8908 |
  407.550    15  6271 |    0.0214   10.9122 |
  408.525    15  6286 |    0.0213   10.9335 |
  409.500    15  6301 |    0.0214   10.9549 |
  410.475    15  6316 |    0.0213   10.9762 |
  411.450    15  6331 |    0.0213   10.9976 |
  412.425    15  6346 |    0.0214   11.0190 |
  413.400    15  6361 |    0.0213   11.0403 |
  414.375    15  6376 |    0.0213   11.0616 |
  415.350    15  6391 |    0.0214   11.0830 |
  416.325    15  6406 |    0.0214   11.1044 |
  417.300    15  6421 |    0.0213   11.1257 |
  418.275    15  6436 |    0.0214   11.1470 |
  419.250    15  6451 |    0.0213   11.1684 |
  420.225    15  6466 |    0.0214   11.1898 |
  421.200    15  6481 |    0.0213   11.2111 |
  422.175    15  6496 |    0.0214   11.2325 |
  423.150    15  6511 |    0.0213   11.2538 |
  424.125    15  6526 |    0.0214   11.2751 |
  425.100    15  6541 |    0.0214   11.2965 |
  426.075    15  6556 |    0.0214   11.3179 |
  427.050    15  6571 |    0.0213   11.3392 |
  428.025    15  6586 |    0.0214   11.3606 |
  429.000    15  6601 |    0.0214   11.3820 |
  429.975    15  6616 |    0.0213   11.4033 |
  430.950    15  6631 |    0.0215   11.4248 |
  431.925    15  6646 |    0.0213   11.4461 |
  432.900    15  6661 |    0.0214   11.4675 |
  433.875    15  6676 |    0.0213   11.4888 |
  434.850    15  6691 |    0.0214   11.5101 |
  435.825    15  6706 |    0.0214   11.5316 |
  436.800    15  6721 |    0.0213   11.5528 |
  437.775    15  6736 |    0.0216   11.5744 |
  438.750    15  6751 |    0.0215   11.5959 |
  439.725    15  6766 |    0.0215   11.6174 |
  440.700    15  6781 |    0.0215   11.6388 |
  441.675    15  6796 |    0.0215   11.6604 |
  442.650    15  6811 |    0.0213   11.6817 |
  443.625    15  6826 |    0.0213   11.7030 |
  444.600    15  6841 |    0.0213   11.7243 |
  445.575    15  6856 |    0.0213   11.7456 |
  446.550    15  6871 |    0.0215   11.7671 |
  447.525    15  6886 |    0.0224   11.7895 |
  448.500    15  6901 |    0.0213   11.8108 |
  449.475    15  6916 |    0.0213   11.8321 |
  450.450    15  6931 |    0.0213   11.8534 |
  451.425    15  6946 |    0.0215   11.8748 |
  452.400    15  6961 |    0.0213   11.8961 |
  453.375    15  6976 |    0.0214   11.9176 |
  454.350    15  6991 |    0.0213   11.9389 |
  455.325    15  7006 |    0.0213   11.9602 |
  456.300    15  7021 |    0.0213   11.9815 |
  457.275    15  7036 |    0.0214   12.0030 |
  458.250    15  7051 |    0.0214   12.0244 |
  459.225    15  7066 |    0.0213   12.0457 |
  460.200    15  7081 |    0.0215   12.0672 |
  461.175    15  7096 |    0.0213   12.0884 |
  462.150    15  7111 |    0.0214   12.1099 |
  463.125    15  7126 |    0.0213   12.1312 |
  464.100    15  7141 |    0.0214   12.1526 |
  465.075    15  7156 |    0.0213   12.1739 |
  466.050    15  7171 |    0.0214   12.1953 |
  467.025    15  7186 |    0.0213   12.2166 |
  468.000    15  7201 |    0.0213   12.2379 |
  468.975    15  7216 |    0.0214   12.2593 |
  469.950    15  7231 |    0.0213   12.2806 |
  470.925    15  7246 |    0.0216   12.3022 |
  471.900    15  7261 |    0.0216   12.3239 |
  472.875    15  7276 |    0.0215   12.3454 |
  473.850    15  7291 |    0.0217   12.3671 |
  474.825    15  7306 |    0.0215   12.3886 |
  475.800    15  7321 |    0.0214   12.4100 |
  476.775    15  7336 |    0.0214   12.4314 |
  477.750    15  7351 |    0.0213   12.4527 |
  478.725    15  7366 |    0.0214   12.4741 |
  479.700    15  7381 |    0.0213   12.4954 |
  480.675    15  7396 |    0.0213   12.5167 |
  481.650    15  7411 |    0.0213   12.5380 |
  482.625    15  7426 |    0.0213   12.5594 |
  483.600    15  7441 |    0.0213   12.5807 |
  484.575    15  7456 |    0.0215   12.6021 |
  485.550    15  7471 |    0.0214   12.6236 |
  486.525    15  7486 |    0.0213   12.6449 |
  487.500    15  7501 |    0.0213   12.6661 |
  488.475    15  7516 |    0.0214   12.6875 |
  489.450    15  7531 |    0.0213   12.7089 |
  490.425    15  7546 |    0.0214   12.7302 |
  491.400    15  7561 |    0.0214   12.7516 |
  492.375    15  7576 |    0.0213   12.7730 |
  493.350    15  7591 |    0.0215   12.7945 |
  494.325    15  7606 |    0.0213   12.8158 |
  495.300    15  7621 |    0.0215   12.8373 |
  496.275    15  7636 |    0.0216   12.8588 |
  497.250    15  7651 |    0.0216   12.8804 |
  498.225    15  7666 |    0.0215   12.9019 |
  499.200    15  7681 |    0.0216   12.9235 |
  500.175    15  7696 |    0.0216   12.9450 |
  501.150    15  7711 |    0.0217   12.9668 |
  502.125    15  7726 |    0.0218   12.9885 |
  503.100    15  7741 |    0.0216   13.0101 |
  504.075    15  7756 |    0.0216   13.0317 |
  505.050    15  7771 |    0.0215   13.0532 |
  506.025    15  7786 |    0.0216   13.0748 |
  507.000    15  7801 |    0.0215   13.0963 |
  507.975    15  7816 |    0.0215   13.1177 |
  508.950    15  7831 |    0.0214   13.1392 |
  509.925    15  7846 |    0.0213   13.1605 |
  510.900    15  7861 |    0.0216   13.1822 |
  511.875    15  7876 |    0.0213   13.2035 |
  512.850    15  7891 |    0.0214   13.2248 |
  513.825    15  7906 |    0.0213   13.2461 |
  514.800    15  7921 |    0.0214   13.2675 |
  515.775    15  7936 |    0.0213   13.2889 |
  516.750    15  7951 |    0.0213   13.3102 |
  517.725    15  7966 |    0.0213   13.3315 |
  518.700    15  7981 |    0.0214   13.3529 |
  519.675    15  7996 |    0.0214   13.3743 |
  520.650    15  8011 |    0.0214   13.3957 |
  521.625    15  8026 |    0.0213   13.4170 |
  522.600    15  8041 |    0.0213   13.4383 |
  523.575    15  8056 |    0.0213   13.4596 |
  524.550    15  8071 |    0.0214   13.4810 |
  525.525    15  8086 |    0.0214   13.5023 |
  526.500    15  8101 |    0.0214   13.5237 |
  527.475    15  8116 |    0.0214   13.5451 |
  528.450    15  8131 |    0.0213   13.5664 |
  529.425    15  8146 |    0.0213   13.5877 |
  530.400    15  8161 |    0.0213   13.6090 |
  531.375    15  8176 |    0.0214   13.6304 |
  532.350    15  8191 |    0.0213   13.6517 |
  533.325    15  8206 |    0.0214   13.6731 |
  534.300    15  8221 |    0.0214   13.6946 |
  535.275    15  8236 |    0.0214   13.7159 |
  536.250    15  8251 |    0.0213   13.7372 |
  537.225    15  8266 |    0.0214   13.7586 |
  538.200    15  8281 |    0.0214   13.7800 |
  539.175    15  8296 |    0.0213   13.8013 |
  540.150    15  8311 |    0.0216   13.8229 |
  541.125    15  8326 |    0.0214   13.8443 |
  542.100    15  8341 |    0.0213   13.8657 |
  543.075    15  8356 |    0.0213   13.8870 |
  544.050    15  8371 |    0.0214   13.9084 |
  545.025    15  8386 |    0.0214   13.9298 |
  546.000    15  8401 |    0.0213   13.9511 |
  546.975    15  8416 |    0.0213   13.9724 |
  547.950    15  8431 |    0.0214   13.9938 |
  548.925    15  8446 |    0.0214   14.0152 |
  549.900    15  8461 |    0.0214   14.0366 |
  550.875    15  8476 |    0.0214   14.0580 |
  551.850    15  8491 |    0.0213   14.0793 |
  552.825    15  8506 |    0.0214   14.1006 |
  553.800    15  8521 |    0.0213   14.1219 |
  554.775    15  8536 |    0.0215   14.1434 |
  555.750    15  8551 |    0.0214   14.1648 |
  556.725    15  8566 |    0.0213   14.1861 |
  557.700    15  8581 |    0.0214   14.2075 |
  558.675    15  8596 |    0.0213   14.2289 |
  559.650    15  8611 |    0.0213   14.2502 |
  560.625    15  8626 |    0.0213   14.2715 |
  561.600    15  8641 |    0.0214   14.2929 |
  562.575    15  8656 |    0.0213   14.3143 |
  563.550    15  8671 |    0.0213   14.3356 |
  564.525    15  8686 |    0.0213   14.3569 |
  565.500    15  8701 |    0.0214   14.3782 |
  566.475    15  8716 |    0.0213   14.3995 |
  567.450    15  8731 |    0.0213   14.4209 |
  568.425    15  8746 |    0.0214   14.4422 |
  569.400    15  8761 |    0.0215   14.4637 |
  570.375    15  8776 |    0.0214   14.4851 |
  571.350    15  8791 |    0.0213   14.5064 |
  572.325    15  8806 |    0.0213   14.5277 |
  573.300    15  8821 |    0.0213   14.5490 |
  574.275    15  8836 |    0.0213   14.5704 |
  575.250    15  8851 |    0.0215   14.5918 |
  576.225    15  8866 |    0.0213   14.6131 |
  577.200    15  8881 |    0.0213   14.6344 |
  578.175    15  8896 |    0.0214   14.6558 |
  579.150    15  8911 |    0.0213   14.6771 |
  580.125    15  8926 |    0.0215   14.6986 |
  581.100    15  8941 |    0.0213   14.7199 |
  582.075    15  8956 |    0.0213   14.7412 |
  583.050    15  8971 |    0.0213   14.7625 |
  584.025    15  8986 |    0.0214   14.7840 |
  585.000    15  9001 |    0.0214   14.8053 |
  585.975    15  9016 |    0.0215   14.8269 |
  586.950    15  9031 |    0.0213   14.8482 |
  587.925    15  9046 |    0.0214   14.8696 |
  588.900    15  9061 |    0.0213   14.8909 |
  589.875    15  9076 |    0.0213   14.9122 |
  590.850    15  9091 |    0.0214   14.9336 |
  591.825    15  9106 |    0.0215   14.9551 |
  592.800    15  9121 |    0.0214   14.9764 |
  593.775    15  9136 |    0.0213   14.9978 |
  594.750    15  9151 |    0.0213   15.0191 |
  595.725    15  9166 |    0.0213   15.0404 |
  596.700    15  9181 |    0.0213   15.0617 |
  597.675    15  9196 |    0.0213   15.0830 |
  598.650    15  9211 |    0.0213   15.1044 |
  599.625    15  9226 |    0.0214   15.1257 |
  600.600    15  9241 |    0.0213   15.1470 |
  601.575    15  9256 |    0.0213   15.1683 |
  602.550    15  9271 |    0.0214   15.1897 |
  603.525    15  9286 |    0.0214   15.2110 |
  604.500    15  9301 |    0.0214   15.2324 |
  605.475    15  9316 |    0.0213   15.2537 |
  606.450    15  9331 |    0.0214   15.2752 |
  607.425    15  9346 |    0.0213   15.2965 |
  608.400    15  9361 |    0.0213   15.3178 |
  609.375    15  9376 |    0.0213   15.3391 |
  610.350    15  9391 |    0.0214   15.3604 |
  611.325    15  9406 |    0.0214   15.3818 |
  612.300    15  9421 |    0.0213   15.4031 |
  613.275    15  9436 |    0.0214   15.4245 |
  614.250    15  9451 |    0.0215   15.4460 |
  615.225    15  9466 |    0.0215   15.4675 |
  616.200    15  9481 |    0.0213   15.4888 |
  617.175    15  9496 |    0.0214   15.5102 |
  618.150    15  9511 |    0.0214   15.5315 |
  619.125    15  9526 |    0.0212   15.5528 |
  620.100    15  9541 |    0.0214   15.5742 |
  621.075    15  9556 |    0.0213   15.5955 |
  622.050    15  9571 |    0.0214   15.6169 |
  623.025    15  9586 |    0.0214   15.6383 |
  624.000    15  9601 |    0.0213   15.6596 |
  624.975    15  9616 |    0.0215   15.6811 |
  625.950    15  9631 |    0.0213   15.7024 |
  626.925    15  9646 |    0.0213   15.7237 |
  627.900    15  9661 |    0.0213   15.7450 |
  628.875    15  9676 |    0.0214   15.7664 |
  629.850    15  9691 |    0.0213   15.7878 |
  630.825    15  9706 |    0.0216   15.8093 |
  631.800    15  9721 |    0.0214   15.8307 |
  632.775    15  9736 |    0.0213   15.8520 |
  633.750    15  9751 |    0.0213   15.8733 |
  634.725    15  9766 |    0.0213   15.8946 |
  635.700    15  9781 |    0.0213   15.9160 |
  636.675    15  9796 |    0.0213   15.9373 |
  637.650    15  9811 |    0.0213   15.9586 |
  638.625    15  9826 |    0.0213   15.9799 |
  639.600    15  9841 |    0.0214   16.0013 |
  640.575    15  9856 |    0.0214   16.0227 |
  641.550    15  9871 |    0.0213   16.0440 |
  642.525    15  9886 |    0.0213   16.0653 |
  643.500    15  9901 |    0.0213   16.0867 |
  644.475    15  9916 |    0.0213   16.1080 |
  645.450    15  9931 |    0.0214   16.1294 |
  646.425    15  9946 |    0.0214   16.1508 |
  647.400    15  9961 |    0.0213   16.1721 |
  648.375    15  9976 |    0.0213   16.1934 |
  649.350    15  9991 |    0.0213   16.2148 |
  650.325    15 10006 |    0.0214   16.2361 |
  651.300    15 10021 |    0.0214   16.2576 |
  652.275    15 10036 |    0.0214   16.2789 |
  653.250    15 10051 |    0.0214   16.3003 |
  654.225    15 10066 |    0.0213   16.3217 |
  655.200    15 10081 |    0.0214   16.3430 |
  656.175    15 10096 |    0.0214   16.3644 |
  657.150    15 10111 |    0.0214   16.3857 |
  658.125    15 10126 |    0.0214   16.4071 |
  659.100    15 10141 |    0.0213   16.4285 |
  660.075    15 10156 |    0.0214   16.4499 |
  661.050    15 10171 |    0.0214   16.4713 |
  662.025    15 10186 |    0.0214   16.4927 |
  663.000    15 10201 |    0.0214   16.5141 |
  663.975    15 10216 |    0.0213   16.5354 |
  664.950    15 10231 |    0.0214   16.5568 |
  665.925    15 10246 |    0.0214   16.5782 |
  666.900    15 10261 |    0.0213   16.5995 |
  667.875    15 10276 |    0.0213   16.6208 |
  668.850    15 10291 |    0.0213   16.6422 |
  669.825    15 10306 |    0.0214   16.6635 |
  670.800    15 10321 |    0.0213   16.6849 |
  671.775    15 10336 |    0.0214   16.7063 |
  672.750    15 10351 |    0.0216   16.7280 |
  673.725    15 10366 |    0.0216   16.7495 |
  674.700    15 10381 |    0.0215   16.7711 |
  675.675    15 10396 |    0.0215   16.7926 |
  676.650    15 10411 |    0.0217   16.8143 |
  677.625    15 10426 |    0.0220   16.8363 |
  678.600    15 10441 |    0.0216   16.8579 |
  679.575    15 10456 |    0.0215   16.8794 |
  680.550    15 10471 |    0.0215   16.9009 |
  681.525    15 10486 |    0.0218   16.9227 |
  682.500    15 10501 |    0.0216   16.9443 |
  683.475    15 10516 |    0.0216   16.9659 |
  684.450    15 10531 |    0.0215   16.9874 |
  685.425    15 10546 |    0.0215   17.0089 |
  686.400    15 10561 |    0.0220   17.0309 |
  687.375    15 10576 |    0.0216   17.0525 |
  688.350    15 10591 |    0.0217   17.0742 |
  689.325    15 10606 |    0.0216   17.0958 |
  690.300    15 10621 |    0.0216   17.1173 |
  691.275    15 10636 |    0.0217   17.1391 |
  692.250    15 10651 |    0.0218   17.1609 |
  693.225    15 10666 |    0.0215   17.1823 |
  694.200    15 10681 |    0.0217   17.2040 |
  695.175    15 10696 |    0.0213   17.2253 |
  696.150    15 10711 |    0.0213   17.2466 |
  697.125    15 10726 |    0.0213   17.2679 |
  698.100    15 10741 |    0.0213   17.2892 |
  699.075    15 10756 |    0.0214   17.3106 |
  700.050    15 10771 |    0.0214   17.3320 |
  701.025    15 10786 |    0.0215   17.3535 |
  702.000    15 10801 |    0.0217   17.3752 |
  702.975    15 10816 |    0.0215   17.3967 |
  703.950    15 10831 |    0.0215   17.4182 |
  704.925    15 10846 |    0.0213   17.4395 |
  705.900    15 10861 |    0.0213   17.4609 |
  706.875    15 10876 |    0.0213   17.4822 |
  707.850    15 10891 |    0.0214   17.5036 |
  708.825    15 10906 |    0.0214   17.5250 |
  709.800    15 10921 |    0.0214   17.5464 |
  710.775    15 10936 |    0.0214   17.5678 |
  711.750    15 10951 |    0.0214   17.5892 |
  712.725    15 10966 |    0.0213   17.6105 |
  713.700    15 10981 |    0.0214   17.6319 |
  714.675    15 10996 |    0.0213   17.6532 |
  715.650    15 11011 |    0.0214   17.6746 |
  716.625    15 11026 |    0.0213   17.6959 |
  717.600    15 11041 |    0.0213   17.7172 |
  718.575    15 11056 |    0.0214   17.7386 |
  719.550    15 11071 |    0.0213   17.7600 |
  720.525    15 11086 |    0.0213   17.7812 |
  721.500    15 11101 |    0.0213   17.8025 |
  722.475    15 11116 |    0.0214   17.8240 |
  723.450    15 11131 |    0.0214   17.8454 |
  724.425    15 11146 |    0.0214   17.8668 |
  725.400    15 11161 |    0.0213   17.8882 |
  726.375    15 11176 |    0.0213   17.9095 |
  727.350    15 11191 |    0.0213   17.9308 |
  728.325    15 11206 |    0.0213   17.9521 |
  729.300    15 11221 |    0.0213   17.9735 |
  730.275    15 11236 |    0.0214   17.9949 |
  731.250    15 11251 |    0.0214   18.0163 |
  732.225    15 11266 |    0.0213   18.0376 |
  733.200    15 11281 |    0.0213   18.0589 |
  734.175    15 11296 |    0.0213   18.0802 |
  735.150    15 11311 |    0.0214   18.1016 |
  736.125    15 11326 |    0.0213   18.1229 |
  737.100    15 11341 |    0.0213   18.1442 |
  738.075    15 11356 |    0.0213   18.1655 |
  739.050    15 11371 |    0.0214   18.1869 |
  740.025    15 11386 |    0.0214   18.2082 |
  741.000    15 11401 |    0.0214   18.2296 |
  741.975    15 11416 |    0.0213   18.2509 |
  742.950    15 11431 |    0.0213   18.2723 |
  743.925    15 11446 |    0.0213   18.2936 |
  744.900    15 11461 |    0.0213   18.3149 |
  745.875    15 11476 |    0.0214   18.3362 |
  746.850    15 11491 |    0.0214   18.3576 |
  747.825    15 11506 |    0.0214   18.3791 |
  748.800    15 11521 |    0.0214   18.4005 |
  749.775    15 11536 |    0.0214   18.4219 |
  750.750    15 11551 |    0.0214   18.4432 |
  751.725    15 11566 |    0.0213   18.4645 |
  752.700    15 11581 |    0.0214   18.4859 |
  753.675    15 11596 |    0.0213   18.5072 |
  754.650    15 11611 |    0.0214   18.5285 |
  755.625    15 11626 |    0.0213   18.5498 |
  756.600    15 11641 |    0.0213   18.5711 |
  757.575    15 11656 |    0.0214   18.5925 |
  758.550    15 11671 |    0.0213   18.6138 |
  759.525    15 11686 |    0.0213   18.6351 |
  760.500    15 11701 |    0.0214   18.6565 |
  761.475    15 11716 |    0.0213   18.6778 |
  762.450    15 11731 |    0.0214   18.6992 |
  763.425    15 11746 |    0.0213   18.7205 |
  764.400    15 11761 |    0.0215   18.7420 |
  765.375    15 11776 |    0.0213   18.7633 |
  766.350    15 11791 |    0.0214   18.7847 |
  767.325    15 11806 |    0.0214   18.8061 |
  768.300    15 11821 |    0.0213   18.8274 |
  769.275    15 11836 |    0.0213   18.8487 |
  770.250    15 11851 |    0.0214   18.8701 |
  771.225    15 11866 |    0.0214   18.8915 |
  772.200    15 11881 |    0.0213   18.9128 |
  773.175    15 11896 |    0.0213   18.9341 |
  774.150    15 11911 |    0.0215   18.9555 |
  775.125    15 11926 |    0.0214   18.9769 |
  776.100    15 11941 |    0.0214   18.9983 |
  777.075    15 11956 |    0.0213   19.0196 |
  778.050    15 11971 |    0.0214   19.0411 |
  779.025    15 11986 |    0.0213   19.0624 |
  780.000    15 12001 |    0.0213   19.0837 |
  780.975    15 12016 |    0.0214   19.1051 |
  781.950    15 12031 |    0.0213   19.1263 |
  782.925    15 12046 |    0.0214   19.1478 |
  783.900    15 12061 |    0.0213   19.1691 |
  784.875    15 12076 |    0.0213   19.1904 |
  785.850    15 12091 |    0.0214   19.2118 |
  786.825    15 12106 |    0.0213   19.2331 |
  787.800    15 12121 |    0.0214   19.2545 |
  788.775    15 12136 |    0.0214   19.2759 |
  789.750    15 12151 |    0.0213   19.2972 |
  790.725    15 12166 |    0.0213   19.3185 |
  791.700    15 12181 |    0.0213   19.3398 |
  792.675    15 12196 |    0.0213   19.3611 |
  793.650    15 12211 |    0.0213   19.3824 |
  794.625    15 12226 |    0.0217   19.4041 |
  795.600    15 12241 |    0.0213   19.4254 |
  796.575    15 12256 |    0.0213   19.4467 |
  797.550    15 12271 |    0.0214   19.4681 |
  798.525    15 12286 |    0.0215   19.4896 |
  799.500    15 12301 |    0.0216   19.5112 |
  800.475    15 12316 |    0.0225   19.5337 |
  801.450    15 12331 |    0.0218   19.5555 |
  802.425    15 12346 |    0.0216   19.5771 |
  803.400    15 12361 |    0.0214   19.5985 |
  804.375    15 12376 |    0.0217   19.6202 |
  805.350    15 12391 |    0.0215   19.6417 |
  806.325    15 12406 |    0.0219   19.6636 |
  807.300    15 12421 |    0.0213   19.6849 |
  808.275    15 12436 |    0.0215   19.7064 |
  809.250    15 12451 |    0.0215   19.7279 |
  810.225    15 12466 |    0.0213   19.7492 |
  811.200    15 12481 |    0.0217   19.7709 |
  812.175    15 12496 |    0.0214   19.7922 |
  813.150    15 12511 |    0.0217   19.8139 |
  814.125    15 12526 |    0.0217   19.8356 |
  815.100    15 12541 |    0.0214   19.8570 |
  816.075    15 12556 |    0.0218   19.8789 |
  817.050    15 12571 |    0.0218   19.9007 |
  818.025    15 12586 |    0.0215   19.9222 |
  819.000    15 12601 |    0.0217   19.9439 |
  819.975    15 12616 |    0.0215   19.9653 |
  820.950    15 12631 |    0.0225   19.9878 |
  821.925    15 12646 |    0.0214   20.0092 |
  822.900    15 12661 |    0.0216   20.0308 |
  823.875    15 12676 |    0.0215   20.0523 |
  824.850    15 12691 |    0.0214   20.0738 |
  825.825    15 12706 |    0.0216   20.0954 |
  826.800    15 12721 |    0.0214   20.1168 |
  827.775    15 12736 |    0.0214   20.1382 |
  828.750    15 12751 |    0.0216   20.1598 |
  829.725    15 12766 |    0.0216   20.1814 |
  830.700    15 12781 |    0.0214   20.2029 |
  831.675    15 12796 |    0.0214   20.2242 |
  832.650    15 12811 |    0.0214   20.2457 |
  833.625    15 12826 |    0.0214   20.2670 |
  834.600    15 12841 |    0.0214   20.2884 |
  835.575    15 12856 |    0.0213   20.3098 |
  836.550    15 12871 |    0.0213   20.3310 |
  837.525    15 12886 |    0.0213   20.3524 |
  838.500    15 12901 |    0.0215   20.3739 |
  839.475    15 12916 |    0.0217   20.3957 |
  840.450    15 12931 |    0.0215   20.4171 |
  841.425    15 12946 |    0.0215   20.4387 |
  842.400    15 12961 |    0.0214   20.4601 |
  843.375    15 12976 |    0.0214   20.4814 |
  844.350    15 12991 |    0.0213   20.5027 |
  845.325    15 13006 |    0.0214   20.5242 |
  846.300    15 13021 |    0.0213   20.5455 |
  847.275    15 13036 |    0.0214   20.5669 |
  848.250    15 13051 |    0.0213   20.5883 |
  849.225    15 13066 |    0.0215   20.6098 |
  850.200    15 13081 |    0.0214   20.6312 |
  851.175    15 13096 |    0.0216   20.6528 |
  852.150    15 13111 |    0.0213   20.6741 |
  853.125    15 13126 |    0.0214   20.6955 |
  854.100    15 13141 |    0.0214   20.7169 |
  855.075    15 13156 |    0.0213   20.7382 |
  856.050    15 13171 |    0.0214   20.7596 |
  857.025    15 13186 |    0.0214   20.7811 |
  858.000    15 13201 |    0.0214   20.8024 |
  858.975    15 13216 |    0.0215   20.8239 |
  859.950    15 13231 |    0.0215   20.8455 |
  860.925    15 13246 |    0.0217   20.8672 |
  861.900    15 13261 |    0.0229   20.8900 |
  862.875    15 13276 |    0.0214   20.9114 |
  863.850    15 13291 |    0.0216   20.9330 |
  864.825    15 13306 |    0.0215   20.9545 |
  865.800    15 13321 |    0.0215   20.9760 |
  866.775    15 13336 |    0.0216   20.9976 |
  867.750    15 13351 |    0.0216   21.0192 |
  868.725    15 13366 |    0.0217   21.0409 |
  869.700    15 13381 |    0.0219   21.0628 |
  870.675    15 13396 |    0.0216   21.0844 |
  871.650    15 13411 |    0.0216   21.1060 |
  872.625    15 13426 |    0.0218   21.1278 |
  873.600    15 13441 |    0.0214   21.1492 |
  874.575    15 13456 |    0.0214   21.1707 |
  875.550    15 13471 |    0.0213   21.1920 |
  876.525    15 13486 |    0.0215   21.2134 |
  877.500    15 13501 |    0.0216   21.2351 |
  878.475    15 13516 |    0.0214   21.2564 |
  879.450    15 13531 |    0.0215   21.2779 |
  880.425    15 13546 |    0.0215   21.2994 |
  881.400    15 13561 |    0.0217   21.3211 |
  882.375    15 13576 |    0.0213   21.3424 |
  883.350    15 13591 |    0.0214   21.3638 |
  884.325    15 13606 |    0.0215   21.3853 |
  885.300    15 13621 |    0.0214   21.4066 |
  886.275    15 13636 |    0.0213   21.4279 |
  887.250    15 13651 |    0.0213   21.4493 |
  888.225    15 13666 |    0.0216   21.4708 |
  889.200    15 13681 |    0.0214   21.4923 |
  890.175    15 13696 |    0.0213   21.5136 |
  891.150    15 13711 |    0.0214   21.5350 |
  892.125    15 13726 |    0.0214   21.5563 |
  893.100    15 13741 |    0.0215   21.5778 |
  894.075    15 13756 |    0.0218   21.5996 |
  895.050    15 13771 |    0.0215   21.6210 |
  896.025    15 13786 |    0.0213   21.6424 |
  897.000    15 13801 |    0.0216   21.6639 |
  897.975    15 13816 |    0.0215   21.6855 |
  898.950    15 13831 |    0.0215   21.7070 |
  899.925    15 13846 |    0.0214   21.7283 |
  900.900    15 13861 |    0.0216   21.7499 |
  901.875    15 13876 |    0.0215   21.7714 |
  902.850    15 13891 |    0.0216   21.7931 |
  903.825    15 13906 |    0.0214   21.8145 |
  904.800    15 13921 |    0.0214   21.8359 |
  905.775    15 13936 |    0.0215   21.8574 |
  906.750    15 13951 |    0.0216   21.8790 |
  907.725    15 13966 |    0.0216   21.9006 |
  908.700    15 13981 |    0.0218   21.9224 |
  909.675    15 13996 |    0.0215   21.9438 |
  910.650    15 14011 |    0.0215   21.9654 |
  911.625    15 14026 |    0.0213   21.9867 |
  912.600    15 14041 |    0.0214   22.0081 |
  913.575    15 14056 |    0.0216   22.0297 |
  914.550    15 14071 |    0.0215   22.0512 |
  915.525    15 14086 |    0.0214   22.0726 |
  916.500    15 14101 |    0.0217   22.0943 |
  917.475    15 14116 |    0.0214   22.1156 |
  918.450    15 14131 |    0.0216   22.1372 |
  919.425    15 14146 |    0.0218   22.1590 |
  920.400    15 14161 |    0.0214   22.1804 |
  921.375    15 14176 |    0.0214   22.2018 |
  922.350    15 14191 |    0.0214   22.2232 |
  923.325    15 14206 |    0.0214   22.2446 |
  924.300    15 14221 |    0.0217   22.2663 |
  925.275    15 14236 |    0.0214   22.2876 |
  926.250    15 14251 |    0.0216   22.3092 |
  927.225    15 14266 |    0.0214   22.3306 |
  928.200    15 14281 |    0.0214   22.3520 |
  929.175    15 14296 |    0.0214   22.3734 |
  930.150    15 14311 |    0.0214   22.3948 |
  931.125    15 14326 |    0.0219   22.4167 |
  932.100    15 14341 |    0.0215   22.4382 |
  933.075    15 14356 |    0.0216   22.4598 |
  934.050    15 14371 |    0.0215   22.4813 |
  935.025    15 14386 |    0.0218   22.5031 |
  936.000    15 14401 |    0.0213   22.5244 |
  936.975    15 14416 |    0.0216   22.5460 |
  937.950    15 14431 |    0.0217   22.5678 |
  938.925    15 14446 |    0.0216   22.5893 |
  939.900    15 14461 |    0.0216   22.6109 |
  940.875    15 14476 |    0.0215   22.6324 |
  941.850    15 14491 |    0.0214   22.6537 |
  942.825    15 14506 |    0.0213   22.6751 |
  943.800    15 14521 |    0.0216   22.6966 |
  944.775    15 14536 |    0.0216   22.7183 |
  945.750    15 14551 |    0.0213   22.7396 |
  946.725    15 14566 |    0.0213   22.7609 |
  947.700    15 14581 |    0.0216   22.7824 |
  948.675    15 14596 |    0.0216   22.8040 |
  949.650    15 14611 |    0.0215   22.8255 |
  950.625    15 14626 |    0.0223   22.8478 |
  951.600    15 14641 |    0.0222   22.8700 |
  952.575    15 14656 |    0.0215   22.8915 |
  953.550    15 14671 |    0.0218   22.9133 |
  954.525    15 14686 |    0.0220   22.9352 |
  955.500    15 14701 |    0.0217   22.9569 |
  956.475    15 14716 |    0.0218   22.9787 |
  957.450    15 14731 |    0.0217   23.0004 |
  958.425    15 14746 |    0.0214   23.0218 |
  959.400    15 14761 |    0.0214   23.0431 |
  960.375    15 14776 |    0.0214   23.0645 |
  961.350    15 14791 |    0.0219   23.0864 |
  962.325    15 14806 |    0.0213   23.1078 |
  963.300    15 14821 |    0.0215   23.1293 |
  964.275    15 14836 |    0.0224   23.1517 |
  965.250    15 14851 |    0.0218   23.1735 |
  966.225    15 14866 |    0.0216   23.1950 |
  967.200    15 14881 |    0.0223   23.2173 |
  968.175    15 14896 |    0.0222   23.2396 |
  969.150    15 14911 |    0.0214   23.2610 |
  970.125    15 14926 |    0.0219   23.2829 |
  971.100    15 14941 |    0.0218   23.3047 |
  972.075    15 14956 |    0.0213   23.3261 |
  973.050    15 14971 |    0.0218   23.3479 |
  974.025    15 14986 |    0.0214   23.3693 |
  975.000    15 15001 |    0.0221   23.3914 |
  975.975    15 15016 |    0.0218   23.4131 |
  976.950    15 15031 |    0.0219   23.4350 |
  977.925    15 15046 |    0.0231   23.4582 |
  978.900    15 15061 |    0.0224   23.4805 |
  979.875    15 15076 |    0.0221   23.5026 |
  980.850    15 15091 |    0.0221   23.5247 |
  981.825    15 15106 |    0.0220   23.5467 |
  982.800    15 15121 |    0.0219   23.5686 |
  983.775    15 15136 |    0.0219   23.5905 |
  984.750    15 15151 |    0.0219   23.6124 |
  985.725    15 15166 |    0.0220   23.6344 |
  986.700    15 15181 |    0.0213   23.6557 |
  987.675    15 15196 |    0.0214   23.6771 |
  988.650    15 15211 |    0.0218   23.6989 |
  989.625    15 15226 |    0.0217   23.7206 |
  990.600    15 15241 |    0.0221   23.7427 |
  991.575    15 15256 |    0.0219   23.7646 |
  992.550    15 15271 |    0.0219   23.7865 |
  993.525    15 15286 |    0.0216   23.8081 |
  994.500    15 15301 |    0.0222   23.8303 |
  995.475    15 15316 |    0.0218   23.8521 |
  996.450    15 15331 |    0.0218   23.8739 |
  997.425    15 15346 |    0.0220   23.8960 |
  998.400    15 15361 |    0.0219   23.9178 |
  999.375    15 15376 |    0.0216   23.9395 |
