          ----- ----- -------  -----  ----- | ---- ----- --------- --------- --------- |
          mn it mx it  avg it    its  ttits |   ss    ts        st      stps     stpit |
    0.000     0     0     0.0      0      0 |    1     1    0.0195    0.0195    0.0000 |
    0.975     0     0     0.0      0      0 |   15    16    0.0726    0.0048    0.0000 |
    1.950     0     0     0.0      0      0 |   15    31    0.0720    0.0048    0.0000 |
    2.925     0     0     0.0      0      0 |   15    46    0.0719    0.0048    0.0000 |
    3.900     0     0     0.0      0      0 |   15    61    0.0721    0.0048    0.0000 |
    4.875     0     0     0.0      0      0 |   15    76    0.0718    0.0048    0.0000 |
    5.850     0     0     0.0      0      0 |   15    91    0.0718    0.0048    0.0000 |
    6.825     0     0     0.0      0      0 |   15   106    0.0719    0.0048    0.0000 |
    7.800     0     0     0.0      0      0 |   15   121    0.0718    0.0048    0.0000 |
    8.775     0     0     0.0      0      0 |   15   136    0.0718    0.0048    0.0000 |
    9.750     0     0     0.0      0      0 |   15   151    0.0719    0.0048    0.0000 |
   10.725     0     0     0.0      0      0 |   15   166    0.0735    0.0049    0.0000 |
   11.700     0     0     0.0      0      0 |   15   181    0.0719    0.0048    0.0000 |
   12.675     0     0     0.0      0      0 |   15   196    0.0718    0.0048    0.0000 |
   13.650     0     0     0.0      0      0 |   15   211    0.0722    0.0048    0.0000 |
   14.625     0     0     0.0      0      0 |   15   226    0.0719    0.0048    0.0000 |
   15.600     0     0     0.0      0      0 |   15   241    0.0719    0.0048    0.0000 |
   16.575     0     0     0.0      0      0 |   15   256    0.0719    0.0048    0.0000 |
   17.550     0     0     0.0      0      0 |   15   271    0.0718    0.0048    0.0000 |
   18.525     0     0     0.0      0      0 |   15   286    0.0721    0.0048    0.0000 |
   19.500     0     0     0.0      0      0 |   15   301    0.0718    0.0048    0.0000 |
   20.475     0     0     0.0      0      0 |   15   316    0.0717    0.0048    0.0000 |
   21.450     0     0     0.0      0      0 |   15   331    0.0721    0.0048    0.0000 |
   22.425     0     0     0.0      0      0 |   15   346    0.0720    0.0048    0.0000 |
   23.400     0     0     0.0      0      0 |   15   361    0.0723    0.0048    0.0000 |
   24.375     0     0     0.0      0      0 |   15   376    0.0718    0.0048    0.0000 |
   25.350     0     0     0.0      0      0 |   15   391    0.0720    0.0048    0.0000 |
   26.325     0     0     0.0      0      0 |   15   406    0.0721    0.0048    0.0000 |
   27.300     0     0     0.0      0      0 |   15   421    0.0719    0.0048    0.0000 |
   28.275     0     0     0.0      0      0 |   15   436    0.0718    0.0048    0.0000 |
   29.250     0     0     0.0      0      0 |   15   451    0.0722    0.0048    0.0000 |
   30.225     0     0     0.0      0      0 |   15   466    0.0720    0.0048    0.0000 |
   31.200     0     0     0.0      0      0 |   15   481    0.0717    0.0048    0.0000 |
   32.175     0     0     0.0      0      0 |   15   496    0.0718    0.0048    0.0000 |
   33.150     0     0     0.0      0      0 |   15   511    0.0719    0.0048    0.0000 |
   34.125     0     0     0.0      0      0 |   15   526    0.0719    0.0048    0.0000 |
   35.100     0     0     0.0      0      0 |   15   541    0.0719    0.0048    0.0000 |
   36.075     0     0     0.0      0      0 |   15   556    0.0721    0.0048    0.0000 |
   37.050     0     0     0.0      0      0 |   15   571    0.0718    0.0048    0.0000 |
   38.025     0     0     0.0      0      0 |   15   586    0.0719    0.0048    0.0000 |
   39.000     0     0     0.0      0      0 |   15   601    0.0718    0.0048    0.0000 |
   39.975     0     0     0.0      0      0 |   15   616    0.0721    0.0048    0.0000 |
   40.950     0     0     0.0      0      0 |   15   631    0.0718    0.0048    0.0000 |
   41.925     0     0     0.0      0      0 |   15   646    0.0719    0.0048    0.0000 |
   42.900     0     0     0.0      0      0 |   15   661    0.0721    0.0048    0.0000 |
   43.875     0     0     0.0      0      0 |   15   676    0.0719    0.0048    0.0000 |
   44.850     0     0     0.0      0      0 |   15   691    0.0719    0.0048    0.0000 |
   45.825     0     0     0.0      0      0 |   15   706    0.0721    0.0048    0.0000 |
   46.800     0     0     0.0      0      0 |   15   721    0.0719    0.0048    0.0000 |
   47.775     0     0     0.0      0      0 |   15   736    0.0721    0.0048    0.0000 |
   48.750     0     0     0.0      0      0 |   15   751    0.0724    0.0048    0.0000 |
   49.725     0     0     0.0      0      0 |   15   766    0.0720    0.0048    0.0000 |
   50.700     0     0     0.0      0      0 |   15   781    0.0723    0.0048    0.0000 |
   51.675     0     0     0.0      0      0 |   15   796    0.0721    0.0048    0.0000 |
   52.650     0     0     0.0      0      0 |   15   811    0.0716    0.0048    0.0000 |
   53.625     0     0     0.0      0      0 |   15   826    0.0721    0.0048    0.0000 |
   54.600     0     0     0.0      0      0 |   15   841    0.0720    0.0048    0.0000 |
   55.575     0     0     0.0      0      0 |   15   856    0.0719    0.0048    0.0000 |
   56.550     0     0     0.0      0      0 |   15   871    0.0720    0.0048    0.0000 |
   57.525     0     0     0.0      0      0 |   15   886    0.0717    0.0048    0.0000 |
   58.500     0     0     0.0      0      0 |   15   901    0.0722    0.0048    0.0000 |
   59.475     0     0     0.0      0      0 |   15   916    0.0718    0.0048    0.0000 |
   60.450     0     0     0.0      0      0 |   15   931    0.0719    0.0048    0.0000 |
   61.425     0     0     0.0      0      0 |   15   946    0.0721    0.0048    0.0000 |
   62.400     0     0     0.0      0      0 |   15   961    0.0716    0.0048    0.0000 |
   63.375     0     0     0.0      0      0 |   15   976    0.0717    0.0048    0.0000 |
   64.350     0     0     0.0      0      0 |   15   991    0.0718    0.0048    0.0000 |
   65.325     0     0     0.0      0      0 |   15  1006    0.0717    0.0048    0.0000 |
   66.300     0     0     0.0      0      0 |   15  1021    0.0721    0.0048    0.0000 |
   67.275     0     0     0.0      0      0 |   15  1036    0.0719    0.0048    0.0000 |
   68.250     0     0     0.0      0      0 |   15  1051    0.0718    0.0048    0.0000 |
   69.225     0     0     0.0      0      0 |   15  1066    0.0717    0.0048    0.0000 |
   70.200     0     0     0.0      0      0 |   15  1081    0.0719    0.0048    0.0000 |
   71.175     0     0     0.0      0      0 |   15  1096    0.0718    0.0048    0.0000 |
   72.150     0     0     0.0      0      0 |   15  1111    0.0719    0.0048    0.0000 |
   73.125     0     0     0.0      0      0 |   15  1126    0.0718    0.0048    0.0000 |
   74.100     0     0     0.0      0      0 |   15  1141    0.0718    0.0048    0.0000 |
   75.075     0     0     0.0      0      0 |   15  1156    0.0717    0.0048    0.0000 |
   76.050     0     0     0.0      0      0 |   15  1171    0.0717    0.0048    0.0000 |
   77.025     0     0     0.0      0      0 |   15  1186    0.0720    0.0048    0.0000 |
   78.000     0     0     0.0      0      0 |   15  1201    0.0717    0.0048    0.0000 |
   78.975     0     0     0.0      0      0 |   15  1216    0.0717    0.0048    0.0000 |
   79.950     0     0     0.0      0      0 |   15  1231    0.0721    0.0048    0.0000 |
   80.925     0     0     0.0      0      0 |   15  1246    0.0719    0.0048    0.0000 |
   81.900     0     0     0.0      0      0 |   15  1261    0.0717    0.0048    0.0000 |
   82.875     0     0     0.0      0      0 |   15  1276    0.0718    0.0048    0.0000 |
   83.850     0     0     0.0      0      0 |   15  1291    0.0721    0.0048    0.0000 |
   84.825     0     0     0.0      0      0 |   15  1306    0.0721    0.0048    0.0000 |
   85.800     0     0     0.0      0      0 |   15  1321    0.0718    0.0048    0.0000 |
   86.775     0     0     0.0      0      0 |   15  1336    0.0719    0.0048    0.0000 |
   87.750     0     0     0.0      0      0 |   15  1351    0.0718    0.0048    0.0000 |
   88.725     0     0     0.0      0      0 |   15  1366    0.0717    0.0048    0.0000 |
   89.700     0     0     0.0      0      0 |   15  1381    0.0717    0.0048    0.0000 |
   90.675     0     0     0.0      0      0 |   15  1396    0.0718    0.0048    0.0000 |
   91.650     0     0     0.0      0      0 |   15  1411    0.0719    0.0048    0.0000 |
   92.625     0     0     0.0      0      0 |   15  1426    0.0722    0.0048    0.0000 |
   93.600     0     0     0.0      0      0 |   15  1441    0.0718    0.0048    0.0000 |
   94.575     0     0     0.0      0      0 |   15  1456    0.0719    0.0048    0.0000 |
   95.550     0     0     0.0      0      0 |   15  1471    0.0718    0.0048    0.0000 |
   96.525     0     0     0.0      0      0 |   15  1486    0.0720    0.0048    0.0000 |
   97.500     0     0     0.0      0      0 |   15  1501    0.0717    0.0048    0.0000 |
   98.475     0     0     0.0      0      0 |   15  1516    0.0720    0.0048    0.0000 |
   99.450     0     0     0.0      0      0 |   15  1531    0.0720    0.0048    0.0000 |
  100.425     0     0     0.0      0      0 |   15  1546    0.0720    0.0048    0.0000 |
  101.400     0     0     0.0      0      0 |   15  1561    0.0718    0.0048    0.0000 |
  102.375     0     0     0.0      0      0 |   15  1576    0.0717    0.0048    0.0000 |
  103.350     0     0     0.0      0      0 |   15  1591    0.0720    0.0048    0.0000 |
  104.325     0     0     0.0      0      0 |   15  1606    0.0719    0.0048    0.0000 |
  105.300     0     0     0.0      0      0 |   15  1621    0.0721    0.0048    0.0000 |
  106.275     0     0     0.0      0      0 |   15  1636    0.0719    0.0048    0.0000 |
  107.250     0     0     0.0      0      0 |   15  1651    0.0718    0.0048    0.0000 |
  108.225     0     0     0.0      0      0 |   15  1666    0.0716    0.0048    0.0000 |
  109.200     0     0     0.0      0      0 |   15  1681    0.0717    0.0048    0.0000 |
  110.175     0     0     0.0      0      0 |   15  1696    0.0719    0.0048    0.0000 |
  111.150     0     0     0.0      0      0 |   15  1711    0.0719    0.0048    0.0000 |
  112.125     0     0     0.0      0      0 |   15  1726    0.0719    0.0048    0.0000 |
  113.100     0     0     0.0      0      0 |   15  1741    0.0717    0.0048    0.0000 |
  114.075     0     0     0.0      0      0 |   15  1756    0.0719    0.0048    0.0000 |
  115.050     0     0     0.0      0      0 |   15  1771    0.0719    0.0048    0.0000 |
  116.025     0     0     0.0      0      0 |   15  1786    0.0719    0.0048    0.0000 |
  117.000     0     0     0.0      0      0 |   15  1801    0.0720    0.0048    0.0000 |
  117.975     0     0     0.0      0      0 |   15  1816    0.0717    0.0048    0.0000 |
  118.950     0     0     0.0      0      0 |   15  1831    0.0717    0.0048    0.0000 |
  119.925     0     0     0.0      0      0 |   15  1846    0.0718    0.0048    0.0000 |
  120.900     0     0     0.0      0      0 |   15  1861    0.0719    0.0048    0.0000 |
  121.875     0     0     0.0      0      0 |   15  1876    0.0717    0.0048    0.0000 |
  122.850     0     0     0.0      0      0 |   15  1891    0.0719    0.0048    0.0000 |
  123.825     0     0     0.0      0      0 |   15  1906    0.0721    0.0048    0.0000 |
  124.800     0     0     0.0      0      0 |   15  1921    0.0719    0.0048    0.0000 |
  125.775     0     0     0.0      0      0 |   15  1936    0.0719    0.0048    0.0000 |
  126.750     0     0     0.0      0      0 |   15  1951    0.0717    0.0048    0.0000 |
  127.725     0     0     0.0      0      0 |   15  1966    0.0720    0.0048    0.0000 |
  128.700     0     0     0.0      0      0 |   15  1981    0.0715    0.0048    0.0000 |
  129.675     0     0     0.0      0      0 |   15  1996    0.0722    0.0048    0.0000 |
  130.650     0     0     0.0      0      0 |   15  2011    0.0719    0.0048    0.0000 |
  131.625     0     0     0.0      0      0 |   15  2026    0.0717    0.0048    0.0000 |
  132.600     0     0     0.0      0      0 |   15  2041    0.0740    0.0049    0.0000 |
  133.575     0     0     0.0      0      0 |   15  2056    0.0719    0.0048    0.0000 |
  134.550     0     0     0.0      0      0 |   15  2071    0.0718    0.0048    0.0000 |
  135.525     0     0     0.0      0      0 |   15  2086    0.0720    0.0048    0.0000 |
  136.500     0     0     0.0      0      0 |   15  2101    0.0719    0.0048    0.0000 |
  137.475     0     0     0.0      0      0 |   15  2116    0.0718    0.0048    0.0000 |
  138.450     0     0     0.0      0      0 |   15  2131    0.0723    0.0048    0.0000 |
  139.425     0     0     0.0      0      0 |   15  2146    0.0725    0.0048    0.0000 |
  140.400     0     0     0.0      0      0 |   15  2161    0.0718    0.0048    0.0000 |
  141.375     0     0     0.0      0      0 |   15  2176    0.0717    0.0048    0.0000 |
  142.350     0     0     0.0      0      0 |   15  2191    0.0718    0.0048    0.0000 |
  143.325     0     0     0.0      0      0 |   15  2206    0.0717    0.0048    0.0000 |
  144.300     0     0     0.0      0      0 |   15  2221    0.0718    0.0048    0.0000 |
  145.275     0     0     0.0      0      0 |   15  2236    0.0720    0.0048    0.0000 |
  146.250     0     0     0.0      0      0 |   15  2251    0.0719    0.0048    0.0000 |
  147.225     0     0     0.0      0      0 |   15  2266    0.0718    0.0048    0.0000 |
  148.200     0     0     0.0      0      0 |   15  2281    0.0723    0.0048    0.0000 |
  149.175     0     0     0.0      0      0 |   15  2296    0.0719    0.0048    0.0000 |
  150.150     0     0     0.0      0      0 |   15  2311    0.0721    0.0048    0.0000 |
  151.125     0     0     0.0      0      0 |   15  2326    0.0718    0.0048    0.0000 |
  152.100     0     0     0.0      0      0 |   15  2341    0.0719    0.0048    0.0000 |
  153.075     0     0     0.0      0      0 |   15  2356    0.0720    0.0048    0.0000 |
  154.050     0     0     0.0      0      0 |   15  2371    0.0720    0.0048    0.0000 |
  155.025     0     0     0.0      0      0 |   15  2386    0.0718    0.0048    0.0000 |
  156.000     0     0     0.0      0      0 |   15  2401    0.0719    0.0048    0.0000 |
  156.975     0     0     0.0      0      0 |   15  2416    0.0719    0.0048    0.0000 |
  157.950     0     0     0.0      0      0 |   15  2431    0.0718    0.0048    0.0000 |
  158.925     0     0     0.0      0      0 |   15  2446    0.0722    0.0048    0.0000 |
  159.900     0     0     0.0      0      0 |   15  2461    0.0719    0.0048    0.0000 |
  160.875     0     0     0.0      0      0 |   15  2476    0.0718    0.0048    0.0000 |
  161.850     0     0     0.0      0      0 |   15  2491    0.0728    0.0049    0.0000 |
  162.825     0     0     0.0      0      0 |   15  2506    0.0720    0.0048    0.0000 |
  163.800     0     0     0.0      0      0 |   15  2521    0.0722    0.0048    0.0000 |
  164.775     0     0     0.0      0      0 |   15  2536    0.0721    0.0048    0.0000 |
  165.750     0     0     0.0      0      0 |   15  2551    0.0720    0.0048    0.0000 |
  166.725     0     0     0.0      0      0 |   15  2566    0.0719    0.0048    0.0000 |
  167.700     0     0     0.0      0      0 |   15  2581    0.0718    0.0048    0.0000 |
  168.675     0     0     0.0      0      0 |   15  2596    0.0717    0.0048    0.0000 |
  169.650     0     0     0.0      0      0 |   15  2611    0.0719    0.0048    0.0000 |
  170.625     0     0     0.0      0      0 |   15  2626    0.0717    0.0048    0.0000 |
  171.600     0     0     0.0      0      0 |   15  2641    0.0719    0.0048    0.0000 |
  172.575     0     0     0.0      0      0 |   15  2656    0.0717    0.0048    0.0000 |
  173.550     0     0     0.0      0      0 |   15  2671    0.0716    0.0048    0.0000 |
  174.525     0     0     0.0      0      0 |   15  2686    0.0718    0.0048    0.0000 |
  175.500     0     0     0.0      0      0 |   15  2701    0.0720    0.0048    0.0000 |
  176.475     0     0     0.0      0      0 |   15  2716    0.0719    0.0048    0.0000 |
  177.450     0     0     0.0      0      0 |   15  2731    0.0719    0.0048    0.0000 |
  178.425     0     0     0.0      0      0 |   15  2746    0.0725    0.0048    0.0000 |
  179.400     0     0     0.0      0      0 |   15  2761    0.0720    0.0048    0.0000 |
  180.375     0     0     0.0      0      0 |   15  2776    0.0716    0.0048    0.0000 |
  181.350     0     0     0.0      0      0 |   15  2791    0.0720    0.0048    0.0000 |
  182.325     0     0     0.0      0      0 |   15  2806    0.0717    0.0048    0.0000 |
  183.300     0     0     0.0      0      0 |   15  2821    0.0718    0.0048    0.0000 |
  184.275     0     0     0.0      0      0 |   15  2836    0.0720    0.0048    0.0000 |
  185.250     0     0     0.0      0      0 |   15  2851    0.0720    0.0048    0.0000 |
  186.225     0     0     0.0      0      0 |   15  2866    0.0719    0.0048    0.0000 |
  187.200     0     0     0.0      0      0 |   15  2881    0.0717    0.0048    0.0000 |
  188.175     0     0     0.0      0      0 |   15  2896    0.0719    0.0048    0.0000 |
  189.150     0     0     0.0      0      0 |   15  2911    0.0720    0.0048    0.0000 |
  190.125     0     0     0.0      0      0 |   15  2926    0.0719    0.0048    0.0000 |
  191.100     0     0     0.0      0      0 |   15  2941    0.0717    0.0048    0.0000 |
  192.075     0     0     0.0      0      0 |   15  2956    0.0723    0.0048    0.0000 |
  193.050     0     0     0.0      0      0 |   15  2971    0.0719    0.0048    0.0000 |
  194.025     0     0     0.0      0      0 |   15  2986    0.0738    0.0049    0.0000 |
  195.000     0     0     0.0      0      0 |   15  3001    0.0718    0.0048    0.0000 |
  195.975     0     0     0.0      0      0 |   15  3016    0.0735    0.0049    0.0000 |
  196.950     0     0     0.0      0      0 |   15  3031    0.0731    0.0049    0.0000 |
  197.925     0     0     0.0      0      0 |   15  3046    0.0729    0.0049    0.0000 |
  198.900     0     0     0.0      0      0 |   15  3061    0.0728    0.0049    0.0000 |
  199.875     0     0     0.0      0      0 |   15  3076    0.0730    0.0049    0.0000 |
  200.850     0     5     4.3     65     65 |   15  3091    0.3174    0.0212    0.0049 |
  201.825     5     5     5.0     75    140 |   15  3106    0.3526    0.0235    0.0047 |
  202.800     5     5     5.0     75    215 |   15  3121    0.3564    0.0238    0.0048 |
  203.775     5     5     5.0     75    290 |   15  3136    0.3611    0.0241    0.0048 |
  204.750     5     5     5.0     75    365 |   15  3151    0.3611    0.0241    0.0048 |
  205.725     5     5     5.0     75    440 |   15  3166    0.3593    0.0240    0.0048 |
  206.700     5     5     5.0     75    515 |   15  3181    0.3581    0.0239    0.0048 |
  207.675     5     5     5.0     75    590 |   15  3196    0.3572    0.0238    0.0048 |
  208.650     5     5     5.0     75    665 |   15  3211    0.3534    0.0236    0.0047 |
  209.625     5     5     5.0     75    740 |   15  3226    0.3544    0.0236    0.0047 |
  210.600     5     5     5.0     75    815 |   15  3241    0.3560    0.0237    0.0047 |
  211.575     5     5     5.0     75    890 |   15  3256    0.3597    0.0240    0.0048 |
  212.550     5     5     5.0     75    965 |   15  3271    0.3579    0.0239    0.0048 |
  213.525     5     5     5.0     75   1040 |   15  3286    0.3561    0.0237    0.0047 |
  214.500     5     5     5.0     75   1115 |   15  3301    0.3539    0.0236    0.0047 |
  215.475     4     5     4.9     73   1188 |   15  3316    0.3477    0.0232    0.0048 |
  216.450     4     4     4.0     60   1248 |   15  3331    0.2950    0.0197    0.0049 |
  217.425     4     4     4.0     60   1308 |   15  3346    0.2965    0.0198    0.0049 |
  218.400     4     4     4.0     60   1368 |   15  3361    0.2972    0.0198    0.0050 |
  219.375     4     4     4.0     60   1428 |   15  3376    0.2976    0.0198    0.0050 |
  220.350     4     4     4.0     60   1488 |   15  3391    0.2970    0.0198    0.0050 |
  221.325     4     4     4.0     60   1548 |   15  3406    0.2980    0.0199    0.0050 |
  222.300     4     4     4.0     60   1608 |   15  3421    0.2986    0.0199    0.0050 |
  223.275     4     4     4.0     60   1668 |   15  3436    0.3004    0.0200    0.0050 |
  224.250     4     4     4.0     60   1728 |   15  3451    0.2994    0.0200    0.0050 |
  225.225     4     4     4.0     60   1788 |   15  3466    0.2983    0.0199    0.0050 |
  226.200     4     4     4.0     60   1848 |   15  3481    0.2973    0.0198    0.0050 |
  227.175     4     4     4.0     60   1908 |   15  3496    0.2962    0.0197    0.0049 |
  228.150     4     4     4.0     60   1968 |   15  3511    0.2991    0.0199    0.0050 |
  229.125     4     4     4.0     60   2028 |   15  3526    0.2974    0.0198    0.0050 |
  230.100     4     4     4.0     60   2088 |   15  3541    0.2956    0.0197    0.0049 |
  231.075     4     4     4.0     60   2148 |   15  3556    0.2965    0.0198    0.0049 |
  232.050     4     4     4.0     60   2208 |   15  3571    0.2983    0.0199    0.0050 |
  233.025     4     4     4.0     60   2268 |   15  3586    0.3047    0.0203    0.0051 |
  234.000     4     4     4.0     60   2328 |   15  3601    0.3007    0.0200    0.0050 |
  234.975     4     4     4.0     60   2388 |   15  3616    0.3065    0.0204    0.0051 |
  235.950     4     4     4.0     60   2448 |   15  3631    0.3070    0.0205    0.0051 |
  236.925     4     4     4.0     60   2508 |   15  3646    0.3001    0.0200    0.0050 |
  237.900     4     4     4.0     60   2568 |   15  3661    0.2978    0.0199    0.0050 |
  238.875     4     4     4.0     60   2628 |   15  3676    0.2988    0.0199    0.0050 |
  239.850     4     4     4.0     60   2688 |   15  3691    0.2977    0.0198    0.0050 |
  240.825     4     4     4.0     60   2748 |   15  3706    0.2994    0.0200    0.0050 |
  241.800     4     4     4.0     60   2808 |   15  3721    0.2975    0.0198    0.0050 |
  242.775     4     4     4.0     60   2868 |   15  3736    0.2983    0.0199    0.0050 |
  243.750     4     4     4.0     60   2928 |   15  3751    0.2991    0.0199    0.0050 |
  244.725     4     4     4.0     60   2988 |   15  3766    0.2992    0.0199    0.0050 |
  245.700     4     4     4.0     60   3048 |   15  3781    0.2963    0.0198    0.0049 |
  246.675     4     4     4.0     60   3108 |   15  3796    0.2995    0.0200    0.0050 |
  247.650     4     4     4.0     60   3168 |   15  3811    0.2990    0.0199    0.0050 |
  248.625     4     4     4.0     60   3228 |   15  3826    0.2978    0.0199    0.0050 |
  249.600     4     4     4.0     60   3288 |   15  3841    0.2991    0.0199    0.0050 |
  250.575     4     4     4.0     60   3348 |   15  3856    0.2984    0.0199    0.0050 |
  251.550     4     4     4.0     60   3408 |   15  3871    0.3046    0.0203    0.0051 |
  252.525     4     4     4.0     60   3468 |   15  3886    0.3003    0.0200    0.0050 |
  253.500     4     4     4.0     60   3528 |   15  3901    0.3058    0.0204    0.0051 |
  254.475     4     4     4.0     60   3588 |   15  3916    0.3019    0.0201    0.0050 |
  255.450     4     4     4.0     60   3648 |   15  3931    0.2976    0.0198    0.0050 |
  256.425     4     4     4.0     60   3708 |   15  3946    0.2990    0.0199    0.0050 |
  257.400     4     4     4.0     60   3768 |   15  3961    0.3003    0.0200    0.0050 |
  258.375     4     4     4.0     60   3828 |   15  3976    0.2975    0.0198    0.0050 |
  259.350     4     4     4.0     60   3888 |   15  3991    0.3002    0.0200    0.0050 |
  260.325     4     4     4.0     60   3948 |   15  4006    0.2973    0.0198    0.0050 |
  261.300     4     4     4.0     60   4008 |   15  4021    0.2991    0.0199    0.0050 |
  262.275     4     4     4.0     60   4068 |   15  4036    0.2983    0.0199    0.0050 |
  263.250     4     4     4.0     60   4128 |   15  4051    0.2993    0.0200    0.0050 |
  264.225     4     4     4.0     60   4188 |   15  4066    0.2980    0.0199    0.0050 |
  265.200     4     4     4.0     60   4248 |   15  4081    0.2987    0.0199    0.0050 |
  266.175     4     4     4.0     60   4308 |   15  4096    0.3006    0.0200    0.0050 |
  267.150     4     4     4.0     60   4368 |   15  4111    0.2981    0.0199    0.0050 |
  268.125     4     4     4.0     60   4428 |   15  4126    0.2998    0.0200    0.0050 |
  269.100     4     4     4.0     60   4488 |   15  4141    0.2996    0.0200    0.0050 |
  270.075     4     4     4.0     60   4548 |   15  4156    0.2959    0.0197    0.0049 |
  271.050     4     4     4.0     60   4608 |   15  4171    0.3004    0.0200    0.0050 |
  272.025     4     4     4.0     60   4668 |   15  4186    0.3000    0.0200    0.0050 |
  273.000     4     4     4.0     60   4728 |   15  4201    0.2972    0.0198    0.0050 |
  273.975     4     4     4.0     60   4788 |   15  4216    0.3001    0.0200    0.0050 |
  274.950     4     4     4.0     60   4848 |   15  4231    0.2962    0.0197    0.0049 |
  275.925     4     4     4.0     60   4908 |   15  4246    0.2982    0.0199    0.0050 |
  276.900     4     4     4.0     60   4968 |   15  4261    0.2976    0.0198    0.0050 |
  277.875     4     4     4.0     60   5028 |   15  4276    0.2984    0.0199    0.0050 |
  278.850     4     4     4.0     60   5088 |   15  4291    0.3005    0.0200    0.0050 |
  279.825     4     4     4.0     60   5148 |   15  4306    0.3005    0.0200    0.0050 |
  280.800     4     4     4.0     60   5208 |   15  4321    0.3005    0.0200    0.0050 |
  281.775     4     4     4.0     60   5268 |   15  4336    0.2976    0.0198    0.0050 |
  282.750     4     4     4.0     60   5328 |   15  4351    0.2956    0.0197    0.0049 |
  283.725     4     4     4.0     60   5388 |   15  4366    0.3020    0.0201    0.0050 |
  284.700     4     4     4.0     60   5448 |   15  4381    0.3027    0.0202    0.0050 |
  285.675     4     4     4.0     60   5508 |   15  4396    0.2980    0.0199    0.0050 |
  286.650     4     4     4.0     60   5568 |   15  4411    0.2992    0.0199    0.0050 |
  287.625     4     4     4.0     60   5628 |   15  4426    0.2960    0.0197    0.0049 |
  288.600     4     4     4.0     60   5688 |   15  4441    0.2984    0.0199    0.0050 |
  289.575     4     4     4.0     60   5748 |   15  4456    0.3005    0.0200    0.0050 |
  290.550     4     4     4.0     60   5808 |   15  4471    0.3100    0.0207    0.0052 |
  291.525     4     4     4.0     60   5868 |   15  4486    0.3073    0.0205    0.0051 |
  292.500     4     4     4.0     60   5928 |   15  4501    0.2980    0.0199    0.0050 |
  293.475     4     4     4.0     60   5988 |   15  4516    0.2939    0.0196    0.0049 |
  294.450     4     4     4.0     60   6048 |   15  4531    0.2936    0.0196    0.0049 |
  295.425     4     4     4.0     60   6108 |   15  4546    0.2936    0.0196    0.0049 |
  296.400     4     4     4.0     60   6168 |   15  4561    0.2934    0.0196    0.0049 |
  297.375     4     4     4.0     60   6228 |   15  4576    0.2933    0.0196    0.0049 |
  298.350     4     4     4.0     60   6288 |   15  4591    0.2936    0.0196    0.0049 |
  299.325     4     4     4.0     60   6348 |   15  4606    0.2931    0.0195    0.0049 |
  300.300     4     4     4.0     60   6408 |   15  4621    0.2944    0.0196    0.0049 |
  301.275     4     4     4.0     60   6468 |   15  4636    0.2932    0.0195    0.0049 |
  302.250     4     4     4.0     60   6528 |   15  4651    0.2989    0.0199    0.0050 |
  303.225     4     4     4.0     60   6588 |   15  4666    0.2990    0.0199    0.0050 |
  304.200     4     4     4.0     60   6648 |   15  4681    0.2985    0.0199    0.0050 |
  305.175     4     4     4.0     60   6708 |   15  4696    0.2982    0.0199    0.0050 |
  306.150     4     4     4.0     60   6768 |   15  4711    0.2938    0.0196    0.0049 |
  307.125     4     4     4.0     60   6828 |   15  4726    0.2933    0.0196    0.0049 |
  308.100     4     4     4.0     60   6888 |   15  4741    0.2938    0.0196    0.0049 |
  309.075     4     4     4.0     60   6948 |   15  4756    0.2937    0.0196    0.0049 |
  310.050     4     4     4.0     60   7008 |   15  4771    0.2942    0.0196    0.0049 |
  311.025     4     4     4.0     60   7068 |   15  4786    0.2934    0.0196    0.0049 |
  312.000     4     4     4.0     60   7128 |   15  4801    0.2933    0.0196    0.0049 |
  312.975     4     4     4.0     60   7188 |   15  4816    0.2932    0.0195    0.0049 |
  313.950     4     4     4.0     60   7248 |   15  4831    0.2932    0.0195    0.0049 |
  314.925     4     4     4.0     60   7308 |   15  4846    0.2993    0.0200    0.0050 |
  315.900     4     4     4.0     60   7368 |   15  4861    0.2988    0.0199    0.0050 |
  316.875     4     4     4.0     60   7428 |   15  4876    0.2981    0.0199    0.0050 |
  317.850     4     4     4.0     60   7488 |   15  4891    0.2985    0.0199    0.0050 |
  318.825     4     4     4.0     60   7548 |   15  4906    0.2950    0.0197    0.0049 |
  319.800     4     4     4.0     60   7608 |   15  4921    0.2929    0.0195    0.0049 |
  320.775     4     4     4.0     60   7668 |   15  4936    0.2943    0.0196    0.0049 |
  321.750     4     4     4.0     60   7728 |   15  4951    0.2941    0.0196    0.0049 |
  322.725     4     4     4.0     60   7788 |   15  4966    0.2935    0.0196    0.0049 |
  323.700     4     4     4.0     60   7848 |   15  4981    0.2954    0.0197    0.0049 |
  324.675     4     4     4.0     60   7908 |   15  4996    0.2937    0.0196    0.0049 |
  325.650     4     4     4.0     60   7968 |   15  5011    0.2940    0.0196    0.0049 |
  326.625     4     4     4.0     60   8028 |   15  5026    0.2931    0.0195    0.0049 |
  327.600     4     4     4.0     60   8088 |   15  5041    0.2939    0.0196    0.0049 |
  328.575     4     4     4.0     60   8148 |   15  5056    0.2933    0.0196    0.0049 |
  329.550     4     4     4.0     60   8208 |   15  5071    0.2934    0.0196    0.0049 |
  330.525     4     4     4.0     60   8268 |   15  5086    0.2939    0.0196    0.0049 |
  331.500     4     4     4.0     60   8328 |   15  5101    0.2936    0.0196    0.0049 |
  332.475     4     4     4.0     60   8388 |   15  5116    0.2936    0.0196    0.0049 |
  333.450     4     4     4.0     60   8448 |   15  5131    0.2938    0.0196    0.0049 |
  334.425     4     4     4.0     60   8508 |   15  5146    0.2944    0.0196    0.0049 |
  335.400     4     4     4.0     60   8568 |   15  5161    0.2937    0.0196    0.0049 |
  336.375     4     4     4.0     60   8628 |   15  5176    0.2932    0.0195    0.0049 |
  337.350     4     4     4.0     60   8688 |   15  5191    0.2942    0.0196    0.0049 |
  338.325     4     4     4.0     60   8748 |   15  5206    0.2934    0.0196    0.0049 |
  339.300     4     4     4.0     60   8808 |   15  5221    0.2934    0.0196    0.0049 |
  340.275     4     4     4.0     60   8868 |   15  5236    0.2935    0.0196    0.0049 |
  341.250     4     4     4.0     60   8928 |   15  5251    0.2934    0.0196    0.0049 |
  342.225     4     4     4.0     60   8988 |   15  5266    0.2940    0.0196    0.0049 |
  343.200     4     4     4.0     60   9048 |   15  5281    0.2934    0.0196    0.0049 |
  344.175     4     4     4.0     60   9108 |   15  5296    0.2936    0.0196    0.0049 |
  345.150     4     4     4.0     60   9168 |   15  5311    0.2933    0.0196    0.0049 |
  346.125     4     4     4.0     60   9228 |   15  5326    0.2933    0.0196    0.0049 |
  347.100     4     4     4.0     60   9288 |   15  5341    0.2933    0.0196    0.0049 |
  348.075     4     4     4.0     60   9348 |   15  5356    0.2936    0.0196    0.0049 |
  349.050     4     4     4.0     60   9408 |   15  5371    0.2931    0.0195    0.0049 |
  350.025     4     4     4.0     60   9468 |   15  5386    0.2937    0.0196    0.0049 |
  351.000     4     4     4.0     60   9528 |   15  5401    0.2947    0.0196    0.0049 |
  351.975     4     4     4.0     60   9588 |   15  5416    0.2931    0.0195    0.0049 |
  352.950     4     4     4.0     60   9648 |   15  5431    0.2931    0.0195    0.0049 |
  353.925     4     4     4.0     60   9708 |   15  5446    0.2929    0.0195    0.0049 |
  354.900     4     4     4.0     60   9768 |   15  5461    0.2931    0.0195    0.0049 |
  355.875     4     4     4.0     60   9828 |   15  5476    0.2937    0.0196    0.0049 |
  356.850     4     4     4.0     60   9888 |   15  5491    0.2930    0.0195    0.0049 |
  357.825     4     4     4.0     60   9948 |   15  5506    0.2930    0.0195    0.0049 |
  358.800     4     4     4.0     60  10008 |   15  5521    0.2936    0.0196    0.0049 |
  359.775     4     4     4.0     60  10068 |   15  5536    0.2933    0.0196    0.0049 |
  360.750     4     4     4.0     60  10128 |   15  5551    0.2933    0.0196    0.0049 |
  361.725     4     4     4.0     60  10188 |   15  5566    0.2938    0.0196    0.0049 |
  362.700     4     4     4.0     60  10248 |   15  5581    0.2929    0.0195    0.0049 |
  363.675     4     4     4.0     60  10308 |   15  5596    0.2925    0.0195    0.0049 |
  364.650     4     4     4.0     60  10368 |   15  5611    0.2943    0.0196    0.0049 |
  365.625     4     4     4.0     60  10428 |   15  5626    0.2932    0.0195    0.0049 |
  366.600     4     4     4.0     60  10488 |   15  5641    0.2936    0.0196    0.0049 |
  367.575     4     4     4.0     60  10548 |   15  5656    0.2932    0.0195    0.0049 |
  368.550     4     4     4.0     60  10608 |   15  5671    0.2936    0.0196    0.0049 |
  369.525     4     4     4.0     60  10668 |   15  5686    0.2936    0.0196    0.0049 |
  370.500     4     4     4.0     60  10728 |   15  5701    0.2938    0.0196    0.0049 |
  371.475     4     4     4.0     60  10788 |   15  5716    0.2932    0.0195    0.0049 |
  372.450     4     4     4.0     60  10848 |   15  5731    0.2929    0.0195    0.0049 |
  373.425     4     4     4.0     60  10908 |   15  5746    0.2933    0.0196    0.0049 |
  374.400     4     4     4.0     60  10968 |   15  5761    0.2935    0.0196    0.0049 |
  375.375     4     4     4.0     60  11028 |   15  5776    0.2931    0.0195    0.0049 |
  376.350     4     4     4.0     60  11088 |   15  5791    0.2950    0.0197    0.0049 |
  377.325     4     4     4.0     60  11148 |   15  5806    0.2932    0.0195    0.0049 |
  378.300     4     4     4.0     60  11208 |   15  5821    0.2933    0.0196    0.0049 |
  379.275     4     4     4.0     60  11268 |   15  5836    0.2938    0.0196    0.0049 |
  380.250     4     4     4.0     60  11328 |   15  5851    0.2938    0.0196    0.0049 |
  381.225     4     4     4.0     60  11388 |   15  5866    0.2928    0.0195    0.0049 |
  382.200     4     4     4.0     60  11448 |   15  5881    0.2992    0.0199    0.0050 |
  383.175     4     4     4.0     60  11508 |   15  5896    0.2970    0.0198    0.0049 |
  384.150     4     4     4.0     60  11568 |   15  5911    0.2986    0.0199    0.0050 |
  385.125     4     4     4.0     60  11628 |   15  5926    0.2947    0.0196    0.0049 |
  386.100     4     4     4.0     60  11688 |   15  5941    0.2936    0.0196    0.0049 |
  387.075     4     4     4.0     60  11748 |   15  5956    0.2943    0.0196    0.0049 |
  388.050     4     4     4.0     60  11808 |   15  5971    0.2938    0.0196    0.0049 |
  389.025     4     4     4.0     60  11868 |   15  5986    0.2933    0.0196    0.0049 |
  390.000     4     4     4.0     60  11928 |   15  6001    0.2942    0.0196    0.0049 |
  390.975     4     4     4.0     60  11988 |   15  6016    0.2939    0.0196    0.0049 |
  391.950     4     4     4.0     60  12048 |   15  6031    0.2946    0.0196    0.0049 |
  392.925     4     4     4.0     60  12108 |   15  6046    0.2944    0.0196    0.0049 |
  393.900     4     4     4.0     60  12168 |   15  6061    0.2943    0.0196    0.0049 |
  394.875     4     4     4.0     60  12228 |   15  6076    0.2933    0.0196    0.0049 |
  395.850     4     4     4.0     60  12288 |   15  6091    0.2952    0.0197    0.0049 |
  396.825     4     4     4.0     60  12348 |   15  6106    0.2950    0.0197    0.0049 |
  397.800     4     4     4.0     60  12408 |   15  6121    0.2953    0.0197    0.0049 |
  398.775     4     4     4.0     60  12468 |   15  6136    0.2951    0.0197    0.0049 |
  399.750     4     4     4.0     60  12528 |   15  6151    0.2941    0.0196    0.0049 |
  400.725     4     4     4.0     60  12588 |   15  6166    0.2933    0.0196    0.0049 |
  401.700     4     4     4.0     60  12648 |   15  6181    0.2938    0.0196    0.0049 |
  402.675     4     4     4.0     60  12708 |   15  6196    0.2926    0.0195    0.0049 |
  403.650     4     4     4.0     60  12768 |   15  6211    0.2940    0.0196    0.0049 |
  404.625     4     4     4.0     60  12828 |   15  6226    0.2936    0.0196    0.0049 |
  405.600     4     4     4.0     60  12888 |   15  6241    0.2933    0.0196    0.0049 |
  406.575     4     4     4.0     60  12948 |   15  6256    0.2934    0.0196    0.0049 |
  407.550     4     4     4.0     60  13008 |   15  6271    0.2937    0.0196    0.0049 |
  408.525     4     4     4.0     60  13068 |   15  6286    0.2934    0.0196    0.0049 |
  409.500     4     4     4.0     60  13128 |   15  6301    0.2935    0.0196    0.0049 |
  410.475     4     4     4.0     60  13188 |   15  6316    0.2939    0.0196    0.0049 |
  411.450     4     4     4.0     60  13248 |   15  6331    0.2930    0.0195    0.0049 |
  412.425     4     4     4.0     60  13308 |   15  6346    0.2935    0.0196    0.0049 |
  413.400     4     4     4.0     60  13368 |   15  6361    0.2938    0.0196    0.0049 |
  414.375     4     4     4.0     60  13428 |   15  6376    0.2934    0.0196    0.0049 |
  415.350     4     4     4.0     60  13488 |   15  6391    0.2943    0.0196    0.0049 |
  416.325     4     4     4.0     60  13548 |   15  6406    0.2937    0.0196    0.0049 |
  417.300     4     4     4.0     60  13608 |   15  6421    0.2935    0.0196    0.0049 |
  418.275     4     4     4.0     60  13668 |   15  6436    0.2929    0.0195    0.0049 |
  419.250     4     4     4.0     60  13728 |   15  6451    0.2937    0.0196    0.0049 |
  420.225     4     4     4.0     60  13788 |   15  6466    0.2935    0.0196    0.0049 |
  421.200     4     4     4.0     60  13848 |   15  6481    0.2932    0.0195    0.0049 |
  422.175     4     4     4.0     60  13908 |   15  6496    0.2955    0.0197    0.0049 |
  423.150     4     4     4.0     60  13968 |   15  6511    0.2933    0.0196    0.0049 |
  424.125     4     4     4.0     60  14028 |   15  6526    0.2943    0.0196    0.0049 |
  425.100     4     4     4.0     60  14088 |   15  6541    0.2935    0.0196    0.0049 |
  426.075     4     4     4.0     60  14148 |   15  6556    0.2937    0.0196    0.0049 |
  427.050     4     4     4.0     60  14208 |   15  6571    0.2943    0.0196    0.0049 |
  428.025     4     4     4.0     60  14268 |   15  6586    0.2938    0.0196    0.0049 |
  429.000     4     4     4.0     60  14328 |   15  6601    0.2933    0.0196    0.0049 |
  429.975     4     4     4.0     60  14388 |   15  6616    0.2937    0.0196    0.0049 |
  430.950     4     4     4.0     60  14448 |   15  6631    0.2935    0.0196    0.0049 |
  431.925     4     4     4.0     60  14508 |   15  6646    0.2943    0.0196    0.0049 |
  432.900     4     4     4.0     60  14568 |   15  6661    0.2937    0.0196    0.0049 |
  433.875     4     4     4.0     60  14628 |   15  6676    0.2936    0.0196    0.0049 |
  434.850     4     4     4.0     60  14688 |   15  6691    0.2946    0.0196    0.0049 |
  435.825     4     4     4.0     60  14748 |   15  6706    0.2932    0.0195    0.0049 |
  436.800     4     4     4.0     60  14808 |   15  6721    0.2934    0.0196    0.0049 |
  437.775     4     4     4.0     60  14868 |   15  6736    0.2989    0.0199    0.0050 |
  438.750     4     4     4.0     60  14928 |   15  6751    0.2981    0.0199    0.0050 |
  439.725     4     4     4.0     60  14988 |   15  6766    0.2949    0.0197    0.0049 |
  440.700     4     4     4.0     60  15048 |   15  6781    0.2973    0.0198    0.0050 |
  441.675     4     4     4.0     60  15108 |   15  6796    0.2936    0.0196    0.0049 |
  442.650     4     4     4.0     60  15168 |   15  6811    0.2937    0.0196    0.0049 |
  443.625     4     4     4.0     60  15228 |   15  6826    0.2941    0.0196    0.0049 |
  444.600     4     4     4.0     60  15288 |   15  6841    0.2935    0.0196    0.0049 |
  445.575     4     4     4.0     60  15348 |   15  6856    0.2935    0.0196    0.0049 |
  446.550     4     4     4.0     60  15408 |   15  6871    0.3002    0.0200    0.0050 |
  447.525     4     4     4.0     60  15468 |   15  6886    0.2932    0.0195    0.0049 |
  448.500     4     4     4.0     60  15528 |   15  6901    0.2930    0.0195    0.0049 |
  449.475     4     4     4.0     60  15588 |   15  6916    0.2925    0.0195    0.0049 |
  450.450     4     4     4.0     60  15648 |   15  6931    0.2928    0.0195    0.0049 |
  451.425     4     4     4.0     60  15708 |   15  6946    0.2948    0.0197    0.0049 |
  452.400     4     4     4.0     60  15768 |   15  6961    0.2928    0.0195    0.0049 |
  453.375     4     4     4.0     60  15828 |   15  6976    0.2937    0.0196    0.0049 |
  454.350     4     4     4.0     60  15888 |   15  6991    0.2951    0.0197    0.0049 |
  455.325     4     4     4.0     60  15948 |   15  7006    0.2932    0.0195    0.0049 |
  456.300     4     4     4.0     60  16008 |   15  7021    0.2928    0.0195    0.0049 |
  457.275     4     4     4.0     60  16068 |   15  7036    0.2950    0.0197    0.0049 |
  458.250     4     4     4.0     60  16128 |   15  7051    0.2935    0.0196    0.0049 |
  459.225     4     4     4.0     60  16188 |   15  7066    0.2926    0.0195    0.0049 |
  460.200     4     4     4.0     60  16248 |   15  7081    0.2947    0.0196    0.0049 |
  461.175     4     4     4.0     60  16308 |   15  7096    0.2930    0.0195    0.0049 |
  462.150     4     4     4.0     60  16368 |   15  7111    0.2936    0.0196    0.0049 |
  463.125     4     4     4.0     60  16428 |   15  7126    0.2928    0.0195    0.0049 |
  464.100     4     4     4.0     60  16488 |   15  7141    0.2932    0.0195    0.0049 |
  465.075     4     4     4.0     60  16548 |   15  7156    0.2928    0.0195    0.0049 |
  466.050     4     4     4.0     60  16608 |   15  7171    0.2935    0.0196    0.0049 |
  467.025     4     4     4.0     60  16668 |   15  7186    0.2931    0.0195    0.0049 |
  468.000     4     4     4.0     60  16728 |   15  7201    0.2933    0.0196    0.0049 |
  468.975     4     4     4.0     60  16788 |   15  7216    0.2942    0.0196    0.0049 |
  469.950     4     4     4.0     60  16848 |   15  7231    0.2933    0.0196    0.0049 |
  470.925     4     4     4.0     60  16908 |   15  7246    0.2998    0.0200    0.0050 |
  471.900     4     4     4.0     60  16968 |   15  7261    0.2983    0.0199    0.0050 |
  472.875     4     4     4.0     60  17028 |   15  7276    0.2968    0.0198    0.0049 |
  473.850     4     4     4.0     60  17088 |   15  7291    0.3003    0.0200    0.0050 |
  474.825     4     4     4.0     60  17148 |   15  7306    0.2955    0.0197    0.0049 |
  475.800     4     4     4.0     60  17208 |   15  7321    0.2947    0.0196    0.0049 |
  476.775     4     4     4.0     60  17268 |   15  7336    0.2942    0.0196    0.0049 |
  477.750     4     4     4.0     60  17328 |   15  7351    0.2931    0.0195    0.0049 |
  478.725     4     4     4.0     60  17388 |   15  7366    0.2933    0.0196    0.0049 |
  479.700     4     4     4.0     60  17448 |   15  7381    0.2935    0.0196    0.0049 |
  480.675     4     4     4.0     60  17508 |   15  7396    0.2938    0.0196    0.0049 |
  481.650     4     4     4.0     60  17568 |   15  7411    0.2934    0.0196    0.0049 |
  482.625     4     4     4.0     60  17628 |   15  7426    0.2937    0.0196    0.0049 |
  483.600     4     4     4.0     60  17688 |   15  7441    0.2934    0.0196    0.0049 |
  484.575     4     4     4.0     60  17748 |   15  7456    0.2949    0.0197    0.0049 |
  485.550     4     4     4.0     60  17808 |   15  7471    0.2939    0.0196    0.0049 |
  486.525     4     4     4.0     60  17868 |   15  7486    0.2941    0.0196    0.0049 |
  487.500     4     4     4.0     60  17928 |   15  7501    0.2938    0.0196    0.0049 |
  488.475     4     4     4.0     60  17988 |   15  7516    0.2945    0.0196    0.0049 |
  489.450     4     4     4.0     60  18048 |   15  7531    0.2937    0.0196    0.0049 |
  490.425     4     4     4.0     60  18108 |   15  7546    0.2934    0.0196    0.0049 |
  491.400     4     4     4.0     60  18168 |   15  7561    0.2939    0.0196    0.0049 |
  492.375     4     4     4.0     60  18228 |   15  7576    0.2940    0.0196    0.0049 |
  493.350     4     4     4.0     60  18288 |   15  7591    0.3270    0.0218    0.0055 |
  494.325     4     4     4.0     60  18348 |   15  7606    0.2938    0.0196    0.0049 |
  495.300     4     4     4.0     60  18408 |   15  7621    0.2977    0.0198    0.0050 |
  496.275     4     4     4.0     60  18468 |   15  7636    0.2978    0.0199    0.0050 |
  497.250     4     4     4.0     60  18528 |   15  7651    0.2989    0.0199    0.0050 |
  498.225     4     4     4.0     60  18588 |   15  7666    0.2987    0.0199    0.0050 |
  499.200     4     4     4.0     60  18648 |   15  7681    0.2988    0.0199    0.0050 |
  500.175     4     4     4.0     60  18708 |   15  7696    0.2990    0.0199    0.0050 |
  501.150     4     4     4.0     60  18768 |   15  7711    0.2982    0.0199    0.0050 |
  502.125     4     4     4.0     60  18828 |   15  7726    0.2997    0.0200    0.0050 |
  503.100     4     4     4.0     60  18888 |   15  7741    0.2968    0.0198    0.0049 |
  504.075     4     4     4.0     60  18948 |   15  7756    0.2977    0.0198    0.0050 |
  505.050     4     4     4.0     60  19008 |   15  7771    0.2958    0.0197    0.0049 |
  506.025     4     4     4.0     60  19068 |   15  7786    0.2956    0.0197    0.0049 |
  507.000     4     4     4.0     60  19128 |   15  7801    0.2955    0.0197    0.0049 |
  507.975     4     4     4.0     60  19188 |   15  7816    0.2973    0.0198    0.0050 |
  508.950     4     4     4.0     60  19248 |   15  7831    0.2968    0.0198    0.0049 |
  509.925     4     4     4.0     60  19308 |   15  7846    0.2960    0.0197    0.0049 |
  510.900     4     4     4.0     60  19368 |   15  7861    0.2972    0.0198    0.0050 |
  511.875     4     4     4.0     60  19428 |   15  7876    0.2930    0.0195    0.0049 |
  512.850     4     4     4.0     60  19488 |   15  7891    0.2932    0.0195    0.0049 |
  513.825     4     4     4.0     60  19548 |   15  7906    0.2936    0.0196    0.0049 |
  514.800     4     4     4.0     60  19608 |   15  7921    0.2935    0.0196    0.0049 |
  515.775     4     4     4.0     60  19668 |   15  7936    0.2937    0.0196    0.0049 |
  516.750     4     4     4.0     60  19728 |   15  7951    0.2931    0.0195    0.0049 |
  517.725     4     4     4.0     60  19788 |   15  7966    0.2939    0.0196    0.0049 |
  518.700     4     4     4.0     60  19848 |   15  7981    0.2936    0.0196    0.0049 |
  519.675     4     4     4.0     60  19908 |   15  7996    0.2934    0.0196    0.0049 |
  520.650     4     4     4.0     60  19968 |   15  8011    0.2932    0.0195    0.0049 |
  521.625     4     4     4.0     60  20028 |   15  8026    0.2939    0.0196    0.0049 |
  522.600     4     4     4.0     60  20088 |   15  8041    0.2939    0.0196    0.0049 |
  523.575     4     4     4.0     60  20148 |   15  8056    0.2934    0.0196    0.0049 |
  524.550     4     4     4.0     60  20208 |   15  8071    0.2937    0.0196    0.0049 |
  525.525     4     4     4.0     60  20268 |   15  8086    0.2936    0.0196    0.0049 |
  526.500     4     4     4.0     60  20328 |   15  8101    0.2937    0.0196    0.0049 |
  527.475     4     4     4.0     60  20388 |   15  8116    0.2945    0.0196    0.0049 |
  528.450     4     4     4.0     60  20448 |   15  8131    0.2933    0.0196    0.0049 |
  529.425     4     4     4.0     60  20508 |   15  8146    0.2938    0.0196    0.0049 |
  530.400     4     4     4.0     60  20568 |   15  8161    0.2934    0.0196    0.0049 |
  531.375     4     4     4.0     60  20628 |   15  8176    0.2934    0.0196    0.0049 |
  532.350     4     4     4.0     60  20688 |   15  8191    0.2933    0.0196    0.0049 |
  533.325     4     4     4.0     60  20748 |   15  8206    0.2937    0.0196    0.0049 |
  534.300     4     4     4.0     60  20808 |   15  8221    0.2934    0.0196    0.0049 |
  535.275     4     4     4.0     60  20868 |   15  8236    0.2940    0.0196    0.0049 |
  536.250     4     4     4.0     60  20928 |   15  8251    0.2939    0.0196    0.0049 |
  537.225     4     4     4.0     60  20988 |   15  8266    0.2937    0.0196    0.0049 |
  538.200     4     4     4.0     60  21048 |   15  8281    0.2941    0.0196    0.0049 |
  539.175     4     4     4.0     60  21108 |   15  8296    0.2938    0.0196    0.0049 |
  540.150     4     4     4.0     60  21168 |   15  8311    0.2948    0.0197    0.0049 |
  541.125     4     4     4.0     60  21228 |   15  8326    0.2942    0.0196    0.0049 |
  542.100     4     4     4.0     60  21288 |   15  8341    0.2932    0.0195    0.0049 |
  543.075     4     4     4.0     60  21348 |   15  8356    0.2937    0.0196    0.0049 |
  544.050     4     4     4.0     60  21408 |   15  8371    0.2941    0.0196    0.0049 |
  545.025     4     4     4.0     60  21468 |   15  8386    0.2941    0.0196    0.0049 |
  546.000     4     4     4.0     60  21528 |   15  8401    0.2934    0.0196    0.0049 |
  546.975     4     4     4.0     60  21588 |   15  8416    0.2935    0.0196    0.0049 |
  547.950     4     4     4.0     60  21648 |   15  8431    0.2931    0.0195    0.0049 |
  548.925     4     4     4.0     60  21708 |   15  8446    0.2932    0.0195    0.0049 |
  549.900     4     4     4.0     60  21768 |   15  8461    0.2939    0.0196    0.0049 |
  550.875     4     4     4.0     60  21828 |   15  8476    0.2928    0.0195    0.0049 |
  551.850     4     4     4.0     60  21888 |   15  8491    0.2938    0.0196    0.0049 |
  552.825     4     4     4.0     60  21948 |   15  8506    0.2938    0.0196    0.0049 |
  553.800     4     4     4.0     60  22008 |   15  8521    0.2937    0.0196    0.0049 |
  554.775     4     4     4.0     60  22068 |   15  8536    0.2936    0.0196    0.0049 |
  555.750     4     4     4.0     60  22128 |   15  8551    0.2938    0.0196    0.0049 |
  556.725     4     4     4.0     60  22188 |   15  8566    0.2933    0.0196    0.0049 |
  557.700     4     4     4.0     60  22248 |   15  8581    0.2950    0.0197    0.0049 |
  558.675     4     4     4.0     60  22308 |   15  8596    0.2933    0.0196    0.0049 |
  559.650     4     4     4.0     60  22368 |   15  8611    0.2937    0.0196    0.0049 |
  560.625     4     4     4.0     60  22428 |   15  8626    0.2936    0.0196    0.0049 |
  561.600     4     4     4.0     60  22488 |   15  8641    0.2940    0.0196    0.0049 |
  562.575     4     4     4.0     60  22548 |   15  8656    0.2936    0.0196    0.0049 |
  563.550     4     4     4.0     60  22608 |   15  8671    0.2936    0.0196    0.0049 |
  564.525     4     4     4.0     60  22668 |   15  8686    0.2944    0.0196    0.0049 |
  565.500     4     4     4.0     60  22728 |   15  8701    0.2933    0.0196    0.0049 |
  566.475     4     4     4.0     60  22788 |   15  8716    0.2939    0.0196    0.0049 |
  567.450     4     4     4.0     60  22848 |   15  8731    0.2932    0.0195    0.0049 |
  568.425     4     4     4.0     60  22908 |   15  8746    0.2940    0.0196    0.0049 |
  569.400     4     4     4.0     60  22968 |   15  8761    0.2939    0.0196    0.0049 |
  570.375     4     4     4.0     60  23028 |   15  8776    0.2937    0.0196    0.0049 |
  571.350     4     4     4.0     60  23088 |   15  8791    0.2942    0.0196    0.0049 |
  572.325     4     4     4.0     60  23148 |   15  8806    0.2937    0.0196    0.0049 |
  573.300     4     4     4.0     60  23208 |   15  8821    0.2937    0.0196    0.0049 |
  574.275     4     4     4.0     60  23268 |   15  8836    0.2932    0.0195    0.0049 |
  575.250     4     4     4.0     60  23328 |   15  8851    0.2952    0.0197    0.0049 |
  576.225     4     4     4.0     60  23388 |   15  8866    0.2933    0.0196    0.0049 |
  577.200     4     4     4.0     60  23448 |   15  8881    0.2930    0.0195    0.0049 |
  578.175     4     4     4.0     60  23508 |   15  8896    0.2935    0.0196    0.0049 |
  579.150     4     4     4.0     60  23568 |   15  8911    0.2944    0.0196    0.0049 |
  580.125     4     4     4.0     60  23628 |   15  8926    0.2937    0.0196    0.0049 |
  581.100     4     4     4.0     60  23688 |   15  8941    0.2938    0.0196    0.0049 |
  582.075     4     4     4.0     60  23748 |   15  8956    0.2937    0.0196    0.0049 |
  583.050     4     4     4.0     60  23808 |   15  8971    0.2935    0.0196    0.0049 |
  584.025     4     4     4.0     60  23868 |   15  8986    0.2938    0.0196    0.0049 |
  585.000     4     4     4.0     60  23928 |   15  9001    0.2934    0.0196    0.0049 |
  585.975     4     4     4.0     60  23988 |   15  9016    0.2992    0.0199    0.0050 |
  586.950     4     4     4.0     60  24048 |   15  9031    0.2940    0.0196    0.0049 |
  587.925     4     4     4.0     60  24108 |   15  9046    0.2941    0.0196    0.0049 |
  588.900     4     4     4.0     60  24168 |   15  9061    0.2938    0.0196    0.0049 |
  589.875     4     4     4.0     60  24228 |   15  9076    0.2932    0.0195    0.0049 |
  590.850     4     4     4.0     60  24288 |   15  9091    0.2933    0.0196    0.0049 |
  591.825     4     4     4.0     60  24348 |   15  9106    0.2947    0.0196    0.0049 |
  592.800     4     4     4.0     60  24408 |   15  9121    0.2934    0.0196    0.0049 |
  593.775     4     4     4.0     60  24468 |   15  9136    0.2936    0.0196    0.0049 |
  594.750     4     4     4.0     60  24528 |   15  9151    0.2931    0.0195    0.0049 |
  595.725     4     4     4.0     60  24588 |   15  9166    0.2934    0.0196    0.0049 |
  596.700     4     4     4.0     60  24648 |   15  9181    0.2933    0.0196    0.0049 |
  597.675     4     4     4.0     60  24708 |   15  9196    0.2936    0.0196    0.0049 |
  598.650     4     4     4.0     60  24768 |   15  9211    0.2930    0.0195    0.0049 |
  599.625     4     4     4.0     60  24828 |   15  9226    0.2936    0.0196    0.0049 |
  600.600     4     4     4.0     60  24888 |   15  9241    0.2932    0.0195    0.0049 |
  601.575     4     4     4.0     60  24948 |   15  9256    0.2938    0.0196    0.0049 |
  602.550     4     4     4.0     60  25008 |   15  9271    0.2934    0.0196    0.0049 |
  603.525     4     4     4.0     60  25068 |   15  9286    0.2941    0.0196    0.0049 |
  604.500     4     4     4.0     60  25128 |   15  9301    0.2937    0.0196    0.0049 |
  605.475     4     4     4.0     60  25188 |   15  9316    0.2936    0.0196    0.0049 |
  606.450     4     4     4.0     60  25248 |   15  9331    0.2935    0.0196    0.0049 |
  607.425     4     4     4.0     60  25308 |   15  9346    0.2937    0.0196    0.0049 |
  608.400     4     4     4.0     60  25368 |   15  9361    0.2932    0.0195    0.0049 |
  609.375     4     4     4.0     60  25428 |   15  9376    0.2928    0.0195    0.0049 |
  610.350     4     4     4.0     60  25488 |   15  9391    0.2941    0.0196    0.0049 |
  611.325     4     4     4.0     60  25548 |   15  9406    0.2943    0.0196    0.0049 |
  612.300     4     4     4.0     60  25608 |   15  9421    0.2931    0.0195    0.0049 |
  613.275     4     4     4.0     60  25668 |   15  9436    0.2932    0.0195    0.0049 |
  614.250     4     4     4.0     60  25728 |   15  9451    0.2939    0.0196    0.0049 |
  615.225     4     4     4.0     60  25788 |   15  9466    0.2933    0.0196    0.0049 |
  616.200     4     4     4.0     60  25848 |   15  9481    0.2939    0.0196    0.0049 |
  617.175     4     4     4.0     60  25908 |   15  9496    0.2936    0.0196    0.0049 |
  618.150     4     4     4.0     60  25968 |   15  9511    0.2940    0.0196    0.0049 |
  619.125     4     4     4.0     60  26028 |   15  9526    0.2932    0.0195    0.0049 |
  620.100     4     4     4.0     60  26088 |   15  9541    0.2936    0.0196    0.0049 |
  621.075     4     4     4.0     60  26148 |   15  9556    0.2936    0.0196    0.0049 |
  622.050     4     4     4.0     60  26208 |   15  9571    0.2933    0.0196    0.0049 |
  623.025     4     4     4.0     60  26268 |   15  9586    0.2937    0.0196    0.0049 |
  624.000     4     4     4.0     60  26328 |   15  9601    0.2947    0.0196    0.0049 |
  624.975     4     4     4.0     60  26388 |   15  9616    0.2943    0.0196    0.0049 |
  625.950     4     4     4.0     60  26448 |   15  9631    0.2933    0.0196    0.0049 |
  626.925     4     4     4.0     60  26508 |   15  9646    0.2937    0.0196    0.0049 |
  627.900     4     4     4.0     60  26568 |   15  9661    0.2934    0.0196    0.0049 |
  628.875     4     4     4.0     60  26628 |   15  9676    0.2934    0.0196    0.0049 |
  629.850     4     4     4.0     60  26688 |   15  9691    0.2937    0.0196    0.0049 |
  630.825     4     4     4.0     60  26748 |   15  9706    0.2943    0.0196    0.0049 |
  631.800     4     4     4.0     60  26808 |   15  9721    0.2934    0.0196    0.0049 |
  632.775     4     4     4.0     60  26868 |   15  9736    0.2933    0.0196    0.0049 |
  633.750     4     4     4.0     60  26928 |   15  9751    0.2936    0.0196    0.0049 |
  634.725     4     4     4.0     60  26988 |   15  9766    0.2934    0.0196    0.0049 |
  635.700     4     4     4.0     60  27048 |   15  9781    0.2933    0.0196    0.0049 |
  636.675     4     4     4.0     60  27108 |   15  9796    0.2933    0.0196    0.0049 |
  637.650     4     4     4.0     60  27168 |   15  9811    0.2940    0.0196    0.0049 |
  638.625     4     4     4.0     60  27228 |   15  9826    0.2937    0.0196    0.0049 |
  639.600     4     4     4.0     60  27288 |   15  9841    0.2938    0.0196    0.0049 |
  640.575     4     4     4.0     60  27348 |   15  9856    0.2934    0.0196    0.0049 |
  641.550     4     4     4.0     60  27408 |   15  9871    0.2939    0.0196    0.0049 |
  642.525     4     4     4.0     60  27468 |   15  9886    0.2930    0.0195    0.0049 |
  643.500     4     4     4.0     60  27528 |   15  9901    0.2939    0.0196    0.0049 |
  644.475     4     4     4.0     60  27588 |   15  9916    0.2940    0.0196    0.0049 |
  645.450     4     4     4.0     60  27648 |   15  9931    0.2936    0.0196    0.0049 |
  646.425     4     4     4.0     60  27708 |   15  9946    0.2932    0.0195    0.0049 |
  647.400     4     4     4.0     60  27768 |   15  9961    0.2930    0.0195    0.0049 |
  648.375     4     4     4.0     60  27828 |   15  9976    0.2933    0.0196    0.0049 |
  649.350     4     4     4.0     60  27888 |   15  9991    0.2930    0.0195    0.0049 |
  650.325     4     4     4.0     60  27948 |   15 10006    0.2938    0.0196    0.0049 |
  651.300     4     4     4.0     60  28008 |   15 10021    0.2932    0.0195    0.0049 |
  652.275     4     4     4.0     60  28068 |   15 10036    0.2933    0.0196    0.0049 |
  653.250     4     4     4.0     60  28128 |   15 10051    0.2947    0.0196    0.0049 |
  654.225     4     4     4.0     60  28188 |   15 10066    0.2933    0.0196    0.0049 |
  655.200     4     4     4.0     60  28248 |   15 10081    0.2936    0.0196    0.0049 |
  656.175     4     4     4.0     60  28308 |   15 10096    0.2932    0.0195    0.0049 |
  657.150     4     4     4.0     60  28368 |   15 10111    0.2941    0.0196    0.0049 |
  658.125     4     4     4.0     60  28428 |   15 10126    0.2935    0.0196    0.0049 |
  659.100     4     4     4.0     60  28488 |   15 10141    0.2932    0.0195    0.0049 |
  660.075     4     4     4.0     60  28548 |   15 10156    0.2938    0.0196    0.0049 |
  661.050     4     4     4.0     60  28608 |   15 10171    0.2938    0.0196    0.0049 |
  662.025     4     4     4.0     60  28668 |   15 10186    0.2935    0.0196    0.0049 |
  663.000     4     4     4.0     60  28728 |   15 10201    0.2936    0.0196    0.0049 |
  663.975     4     4     4.0     60  28788 |   15 10216    0.2933    0.0196    0.0049 |
  664.950     4     4     4.0     60  28848 |   15 10231    0.2934    0.0196    0.0049 |
  665.925     4     4     4.0     60  28908 |   15 10246    0.2938    0.0196    0.0049 |
  666.900     4     4     4.0     60  28968 |   15 10261    0.2934    0.0196    0.0049 |
  667.875     4     4     4.0     60  29028 |   15 10276    0.2935    0.0196    0.0049 |
  668.850     4     4     4.0     60  29088 |   15 10291    0.2943    0.0196    0.0049 |
  669.825     4     4     4.0     60  29148 |   15 10306    0.2934    0.0196    0.0049 |
  670.800     4     4     4.0     60  29208 |   15 10321    0.2935    0.0196    0.0049 |
  671.775     4     4     4.0     60  29268 |   15 10336    0.2962    0.0197    0.0049 |
  672.750     4     4     4.0     60  29328 |   15 10351    0.2976    0.0198    0.0050 |
  673.725     4     4     4.0     60  29388 |   15 10366    0.2979    0.0199    0.0050 |
  674.700     4     4     4.0     60  29448 |   15 10381    0.2973    0.0198    0.0050 |
  675.675     4     4     4.0     60  29508 |   15 10396    0.3003    0.0200    0.0050 |
  676.650     4     4     4.0     60  29568 |   15 10411    0.2996    0.0200    0.0050 |
  677.625     4     4     4.0     60  29628 |   15 10426    0.3009    0.0201    0.0050 |
  678.600     4     4     4.0     60  29688 |   15 10441    0.2979    0.0199    0.0050 |
  679.575     4     4     4.0     60  29748 |   15 10456    0.2975    0.0198    0.0050 |
  680.550     4     4     4.0     60  29808 |   15 10471    0.3021    0.0201    0.0050 |
  681.525     4     4     4.0     60  29868 |   15 10486    0.3029    0.0202    0.0050 |
  682.500     4     4     4.0     60  29928 |   15 10501    0.2993    0.0200    0.0050 |
  683.475     4     4     4.0     60  29988 |   15 10516    0.2975    0.0198    0.0050 |
  684.450     4     4     4.0     60  30048 |   15 10531    0.2960    0.0197    0.0049 |
  685.425     4     4     4.0     60  30108 |   15 10546    0.2988    0.0199    0.0050 |
  686.400     4     4     4.0     60  30168 |   15 10561    0.2985    0.0199    0.0050 |
  687.375     4     4     4.0     60  30228 |   15 10576    0.2974    0.0198    0.0050 |
  688.350     4     4     4.0     60  30288 |   15 10591    0.2988    0.0199    0.0050 |
  689.325     4     4     4.0     60  30348 |   15 10606    0.2967    0.0198    0.0049 |
  690.300     4     4     4.0     60  30408 |   15 10621    0.2973    0.0198    0.0050 |
  691.275     4     4     4.0     60  30468 |   15 10636    0.2973    0.0198    0.0050 |
  692.250     4     4     4.0     60  30528 |   15 10651    0.3045    0.0203    0.0051 |
  693.225     4     4     4.0     60  30588 |   15 10666    0.2965    0.0198    0.0049 |
  694.200     4     4     4.0     60  30648 |   15 10681    0.2969    0.0198    0.0049 |
  695.175     4     4     4.0     60  30708 |   15 10696    0.2932    0.0195    0.0049 |
  696.150     4     4     4.0     60  30768 |   15 10711    0.2935    0.0196    0.0049 |
  697.125     4     4     4.0     60  30828 |   15 10726    0.2928    0.0195    0.0049 |
  698.100     4     4     4.0     60  30888 |   15 10741    0.2937    0.0196    0.0049 |
  699.075     4     4     4.0     60  30948 |   15 10756    0.2942    0.0196    0.0049 |
  700.050     4     4     4.0     60  31008 |   15 10771    0.2942    0.0196    0.0049 |
  701.025     4     4     4.0     60  31068 |   15 10786    0.2974    0.0198    0.0050 |
  702.000     4     4     4.0     60  31128 |   15 10801    0.2982    0.0199    0.0050 |
  702.975     4     4     4.0     60  31188 |   15 10816    0.2958    0.0197    0.0049 |
  703.950     4     4     4.0     60  31248 |   15 10831    0.2984    0.0199    0.0050 |
  704.925     4     4     4.0     60  31308 |   15 10846    0.2939    0.0196    0.0049 |
  705.900     4     4     4.0     60  31368 |   15 10861    0.2932    0.0195    0.0049 |
  706.875     4     4     4.0     60  31428 |   15 10876    0.2947    0.0196    0.0049 |
  707.850     4     4     4.0     60  31488 |   15 10891    0.2936    0.0196    0.0049 |
  708.825     4     4     4.0     60  31548 |   15 10906    0.2935    0.0196    0.0049 |
  709.800     4     4     4.0     60  31608 |   15 10921    0.2931    0.0195    0.0049 |
  710.775     4     4     4.0     60  31668 |   15 10936    0.2934    0.0196    0.0049 |
  711.750     4     4     4.0     60  31728 |   15 10951    0.2930    0.0195    0.0049 |
  712.725     4     4     4.0     60  31788 |   15 10966    0.2938    0.0196    0.0049 |
  713.700     4     4     4.0     60  31848 |   15 10981    0.2937    0.0196    0.0049 |
  714.675     4     4     4.0     60  31908 |   15 10996    0.2931    0.0195    0.0049 |
  715.650     4     4     4.0     60  31968 |   15 11011    0.2938    0.0196    0.0049 |
  716.625     4     4     4.0     60  32028 |   15 11026    0.2934    0.0196    0.0049 |
  717.600     4     4     4.0     60  32088 |   15 11041    0.2937    0.0196    0.0049 |
  718.575     4     4     4.0     60  32148 |   15 11056    0.2932    0.0195    0.0049 |
  719.550     4     4     4.0     60  32208 |   15 11071    0.2942    0.0196    0.0049 |
  720.525     4     4     4.0     60  32268 |   15 11086    0.2937    0.0196    0.0049 |
  721.500     4     4     4.0     60  32328 |   15 11101    0.2943    0.0196    0.0049 |
  722.475     4     4     4.0     60  32388 |   15 11116    0.2937    0.0196    0.0049 |
  723.450     4     4     4.0     60  32448 |   15 11131    0.2936    0.0196    0.0049 |
  724.425     4     4     4.0     60  32508 |   15 11146    0.2950    0.0197    0.0049 |
  725.400     4     4     4.0     60  32568 |   15 11161    0.2935    0.0196    0.0049 |
  726.375     4     4     4.0     60  32628 |   15 11176    0.2943    0.0196    0.0049 |
  727.350     4     4     4.0     60  32688 |   15 11191    0.2938    0.0196    0.0049 |
  728.325     4     4     4.0     60  32748 |   15 11206    0.2936    0.0196    0.0049 |
  729.300     4     4     4.0     60  32808 |   15 11221    0.2933    0.0196    0.0049 |
  730.275     4     4     4.0     60  32868 |   15 11236    0.2940    0.0196    0.0049 |
  731.250     4     4     4.0     60  32928 |   15 11251    0.2942    0.0196    0.0049 |
  732.225     4     4     4.0     60  32988 |   15 11266    0.2934    0.0196    0.0049 |
  733.200     4     4     4.0     60  33048 |   15 11281    0.2940    0.0196    0.0049 |
  734.175     4     4     4.0     60  33108 |   15 11296    0.2937    0.0196    0.0049 |
  735.150     4     4     4.0     60  33168 |   15 11311    0.2939    0.0196    0.0049 |
  736.125     4     4     4.0     60  33228 |   15 11326    0.2951    0.0197    0.0049 |
  737.100     4     4     4.0     60  33288 |   15 11341    0.2936    0.0196    0.0049 |
  738.075     4     4     4.0     60  33348 |   15 11356    0.2937    0.0196    0.0049 |
  739.050     4     4     4.0     60  33408 |   15 11371    0.2935    0.0196    0.0049 |
  740.025     4     4     4.0     60  33468 |   15 11386    0.2943    0.0196    0.0049 |
  741.000     4     4     4.0     60  33528 |   15 11401    0.2936    0.0196    0.0049 |
  741.975     4     4     4.0     60  33588 |   15 11416    0.2932    0.0195    0.0049 |
  742.950     4     4     4.0     60  33648 |   15 11431    0.2930    0.0195    0.0049 |
  743.925     4     4     4.0     60  33708 |   15 11446    0.2933    0.0196    0.0049 |
  744.900     4     4     4.0     60  33768 |   15 11461    0.2939    0.0196    0.0049 |
  745.875     4     4     4.0     60  33828 |   15 11476    0.2937    0.0196    0.0049 |
  746.850     4     4     4.0     60  33888 |   15 11491    0.2939    0.0196    0.0049 |
  747.825     4     4     4.0     60  33948 |   15 11506    0.2933    0.0196    0.0049 |
  748.800     4     4     4.0     60  34008 |   15 11521    0.2937    0.0196    0.0049 |
  749.775     4     4     4.0     60  34068 |   15 11536    0.2933    0.0196    0.0049 |
  750.750     4     4     4.0     60  34128 |   15 11551    0.2938    0.0196    0.0049 |
  751.725     4     4     4.0     60  34188 |   15 11566    0.2939    0.0196    0.0049 |
  752.700     4     4     4.0     60  34248 |   15 11581    0.2930    0.0195    0.0049 |
  753.675     4     4     4.0     60  34308 |   15 11596    0.2930    0.0195    0.0049 |
  754.650     4     4     4.0     60  34368 |   15 11611    0.2936    0.0196    0.0049 |
  755.625     4     4     4.0     60  34428 |   15 11626    0.2935    0.0196    0.0049 |
  756.600     4     4     4.0     60  34488 |   15 11641    0.2932    0.0195    0.0049 |
  757.575     4     4     4.0     60  34548 |   15 11656    0.2937    0.0196    0.0049 |
  758.550     4     4     4.0     60  34608 |   15 11671    0.2929    0.0195    0.0049 |
  759.525     4     4     4.0     60  34668 |   15 11686    0.2929    0.0195    0.0049 |
  760.500     4     4     4.0     60  34728 |   15 11701    0.2940    0.0196    0.0049 |
  761.475     4     4     4.0     60  34788 |   15 11716    0.2935    0.0196    0.0049 |
  762.450     4     4     4.0     60  34848 |   15 11731    0.2928    0.0195    0.0049 |
  763.425     4     4     4.0     60  34908 |   15 11746    0.2932    0.0195    0.0049 |
  764.400     4     4     4.0     60  34968 |   15 11761    0.2954    0.0197    0.0049 |
  765.375     4     4     4.0     60  35028 |   15 11776    0.2929    0.0195    0.0049 |
  766.350     4     4     4.0     60  35088 |   15 11791    0.2931    0.0195    0.0049 |
  767.325     4     4     4.0     60  35148 |   15 11806    0.2941    0.0196    0.0049 |
  768.300     4     4     4.0     60  35208 |   15 11821    0.2939    0.0196    0.0049 |
  769.275     4     4     4.0     60  35268 |   15 11836    0.2932    0.0195    0.0049 |
  770.250     4     4     4.0     60  35328 |   15 11851    0.2935    0.0196    0.0049 |
  771.225     4     4     4.0     60  35388 |   15 11866    0.2934    0.0196    0.0049 |
  772.200     4     4     4.0     60  35448 |   15 11881    0.2937    0.0196    0.0049 |
  773.175     4     4     4.0     60  35508 |   15 11896    0.2931    0.0195    0.0049 |
  774.150     4     4     4.0     60  35568 |   15 11911    0.2936    0.0196    0.0049 |
  775.125     3     4     3.1     46  35614 |   15 11926    0.2421    0.0161    0.0053 |
  776.100     3     3     3.0     45  35659 |   15 11941    0.2380    0.0159    0.0053 |
  777.075     3     3     3.0     45  35704 |   15 11956    0.2375    0.0158    0.0053 |
  778.050     3     3     3.0     45  35749 |   15 11971    0.2381    0.0159    0.0053 |
  779.025     3     3     3.0     45  35794 |   15 11986    0.2376    0.0158    0.0053 |
  780.000     3     3     3.0     45  35839 |   15 12001    0.2378    0.0159    0.0053 |
  780.975     3     3     3.0     45  35884 |   15 12016    0.2379    0.0159    0.0053 |
  781.950     3     3     3.0     45  35929 |   15 12031    0.2374    0.0158    0.0053 |
  782.925     3     3     3.0     45  35974 |   15 12046    0.2376    0.0158    0.0053 |
  783.900     3     3     3.0     45  36019 |   15 12061    0.2382    0.0159    0.0053 |
  784.875     3     3     3.0     45  36064 |   15 12076    0.2376    0.0158    0.0053 |
  785.850     3     3     3.0     45  36109 |   15 12091    0.2378    0.0159    0.0053 |
  786.825     3     3     3.0     45  36154 |   15 12106    0.2376    0.0158    0.0053 |
  787.800     3     3     3.0     45  36199 |   15 12121    0.2375    0.0158    0.0053 |
  788.775     3     3     3.0     45  36244 |   15 12136    0.2375    0.0158    0.0053 |
  789.750     3     3     3.0     45  36289 |   15 12151    0.2378    0.0159    0.0053 |
  790.725     3     3     3.0     45  36334 |   15 12166    0.2373    0.0158    0.0053 |
  791.700     3     3     3.0     45  36379 |   15 12181    0.2376    0.0158    0.0053 |
  792.675     3     3     3.0     45  36424 |   15 12196    0.2374    0.0158    0.0053 |
  793.650     3     3     3.0     45  36469 |   15 12211    0.2376    0.0158    0.0053 |
  794.625     3     3     3.0     45  36514 |   15 12226    0.2392    0.0159    0.0053 |
  795.600     3     3     3.0     45  36559 |   15 12241    0.2373    0.0158    0.0053 |
  796.575     3     3     3.0     45  36604 |   15 12256    0.2388    0.0159    0.0053 |
  797.550     2     3     2.8     42  36646 |   15 12271    0.2313    0.0154    0.0055 |
  798.525     2     2     2.0     30  36676 |   15 12286    0.1851    0.0123    0.0062 |
  799.500     2     2     2.0     30  36706 |   15 12301    0.1866    0.0124    0.0062 |
  800.475     2     2     2.0     30  36736 |   15 12316    0.1913    0.0128    0.0064 |
  801.450     2     2     2.0     30  36766 |   15 12331    0.1864    0.0124    0.0062 |
  802.425     2     2     2.0     30  36796 |   15 12346    0.1857    0.0124    0.0062 |
  803.400     2     2     2.0     30  36826 |   15 12361    0.1848    0.0123    0.0062 |
  804.375     2     2     2.0     30  36856 |   15 12376    0.1839    0.0123    0.0061 |
  805.350     2     2     2.0     30  36886 |   15 12391    0.1855    0.0124    0.0062 |
  806.325     2     2     2.0     30  36916 |   15 12406    0.1850    0.0123    0.0062 |
  807.300     2     2     2.0     30  36946 |   15 12421    0.1831    0.0122    0.0061 |
  808.275     2     2     2.0     30  36976 |   15 12436    0.1828    0.0122    0.0061 |
  809.250     2     2     2.0     30  37006 |   15 12451    0.1835    0.0122    0.0061 |
  810.225     2     2     2.0     30  37036 |   15 12466    0.1831    0.0122    0.0061 |
  811.200     2     2     2.0     30  37066 |   15 12481    0.1842    0.0123    0.0061 |
  812.175     2     2     2.0     30  37096 |   15 12496    0.1839    0.0123    0.0061 |
  813.150     2     2     2.0     30  37126 |   15 12511    0.1846    0.0123    0.0062 |
  814.125     2     2     2.0     30  37156 |   15 12526    0.1857    0.0124    0.0062 |
  815.100     2     2     2.0     30  37186 |   15 12541    0.1846    0.0123    0.0062 |
  816.075     2     2     2.0     30  37216 |   15 12556    0.1858    0.0124    0.0062 |
  817.050     2     2     2.0     30  37246 |   15 12571    0.1890    0.0126    0.0063 |
  818.025     2     2     2.0     30  37276 |   15 12586    0.1847    0.0123    0.0062 |
  819.000     2     2     2.0     30  37306 |   15 12601    0.1857    0.0124    0.0062 |
  819.975     2     2     2.0     30  37336 |   15 12616    0.1861    0.0124    0.0062 |
  820.950     2     2     2.0     30  37366 |   15 12631    0.1875    0.0125    0.0063 |
  821.925     2     2     2.0     30  37396 |   15 12646    0.1828    0.0122    0.0061 |
  822.900     2     2     2.0     30  37426 |   15 12661    0.1830    0.0122    0.0061 |
  823.875     2     2     2.0     30  37456 |   15 12676    0.1857    0.0124    0.0062 |
  824.850     2     2     2.0     30  37486 |   15 12691    0.1859    0.0124    0.0062 |
  825.825     2     2     2.0     30  37516 |   15 12706    0.1849    0.0123    0.0062 |
  826.800     2     2     2.0     30  37546 |   15 12721    0.1855    0.0124    0.0062 |
  827.775     2     2     2.0     30  37576 |   15 12736    0.1849    0.0123    0.0062 |
  828.750     2     2     2.0     30  37606 |   15 12751    0.1849    0.0123    0.0062 |
  829.725     2     2     2.0     30  37636 |   15 12766    0.1850    0.0123    0.0062 |
  830.700     2     2     2.0     30  37666 |   15 12781    0.1831    0.0122    0.0061 |
  831.675     1     2     1.2     18  37684 |   15 12796    0.1393    0.0093    0.0077 |
  832.650     1     1     1.0     15  37699 |   15 12811    0.1277    0.0085    0.0085 |
  833.625     1     1     1.0     15  37714 |   15 12826    0.1271    0.0085    0.0085 |
  834.600     1     1     1.0     15  37729 |   15 12841    0.1269    0.0085    0.0085 |
  835.575     1     1     1.0     15  37744 |   15 12856    0.1275    0.0085    0.0085 |
  836.550     1     1     1.0     15  37759 |   15 12871    0.1271    0.0085    0.0085 |
  837.525     1     1     1.0     15  37774 |   15 12886    0.1271    0.0085    0.0085 |
  838.500     1     1     1.0     15  37789 |   15 12901    0.1268    0.0085    0.0085 |
  839.475     1     1     1.0     15  37804 |   15 12916    0.1277    0.0085    0.0085 |
  840.450     1     1     1.0     15  37819 |   15 12931    0.1268    0.0085    0.0085 |
  841.425     1     1     1.0     15  37834 |   15 12946    0.1265    0.0084    0.0084 |
  842.400     1     1     1.0     15  37849 |   15 12961    0.1270    0.0085    0.0085 |
  843.375     1     1     1.0     15  37864 |   15 12976    0.1266    0.0084    0.0084 |
  844.350     1     1     1.0     15  37879 |   15 12991    0.1264    0.0084    0.0084 |
  845.325     1     1     1.0     15  37894 |   15 13006    0.1271    0.0085    0.0085 |
  846.300     1     1     1.0     15  37909 |   15 13021    0.1262    0.0084    0.0084 |
  847.275     1     1     1.0     15  37924 |   15 13036    0.1273    0.0085    0.0085 |
  848.250     1     1     1.0     15  37939 |   15 13051    0.1263    0.0084    0.0084 |
  849.225     1     1     1.0     15  37954 |   15 13066    0.1286    0.0086    0.0086 |
  850.200     1     1     1.0     15  37969 |   15 13081    0.1276    0.0085    0.0085 |
  851.175     1     1     1.0     15  37984 |   15 13096    0.1275    0.0085    0.0085 |
  852.150     1     1     1.0     15  37999 |   15 13111    0.1275    0.0085    0.0085 |
  853.125     1     1     1.0     15  38014 |   15 13126    0.1273    0.0085    0.0085 |
  854.100     1     1     1.0     15  38029 |   15 13141    0.1266    0.0084    0.0084 |
  855.075     1     1     1.0     15  38044 |   15 13156    0.1269    0.0085    0.0085 |
  856.050     1     1     1.0     15  38059 |   15 13171    0.1276    0.0085    0.0085 |
  857.025     1     1     1.0     15  38074 |   15 13186    0.1274    0.0085    0.0085 |
  858.000     1     1     1.0     15  38089 |   15 13201    0.1273    0.0085    0.0085 |
  858.975     1     1     1.0     15  38104 |   15 13216    0.1282    0.0085    0.0085 |
  859.950     1     1     1.0     15  38119 |   15 13231    0.1281    0.0085    0.0085 |
  860.925     1     1     1.0     15  38134 |   15 13246    0.1270    0.0085    0.0085 |
  861.900     1     1     1.0     15  38149 |   15 13261    0.1358    0.0091    0.0091 |
  862.875     1     1     1.0     15  38164 |   15 13276    0.1277    0.0085    0.0085 |
  863.850     1     1     1.0     15  38179 |   15 13291    0.1294    0.0086    0.0086 |
  864.825     1     1     1.0     15  38194 |   15 13306    0.1283    0.0086    0.0086 |
  865.800     1     1     1.0     15  38209 |   15 13321    0.1283    0.0086    0.0086 |
  866.775     1     1     1.0     15  38224 |   15 13336    0.1281    0.0085    0.0085 |
  867.750     1     1     1.0     15  38239 |   15 13351    0.1287    0.0086    0.0086 |
  868.725     1     1     1.0     15  38254 |   15 13366    0.1293    0.0086    0.0086 |
  869.700     1     1     1.0     15  38269 |   15 13381    0.1341    0.0089    0.0089 |
  870.675     1     1     1.0     15  38284 |   15 13396    0.1286    0.0086    0.0086 |
  871.650     1     1     1.0     15  38299 |   15 13411    0.1298    0.0087    0.0087 |
  872.625     1     1     1.0     15  38314 |   15 13426    0.1296    0.0086    0.0086 |
  873.600     1     1     1.0     15  38329 |   15 13441    0.1282    0.0085    0.0085 |
  874.575     1     1     1.0     15  38344 |   15 13456    0.1272    0.0085    0.0085 |
  875.550     1     1     1.0     15  38359 |   15 13471    0.1267    0.0084    0.0084 |
  876.525     1     1     1.0     15  38374 |   15 13486    0.1289    0.0086    0.0086 |
  877.500     1     1     1.0     15  38389 |   15 13501    0.1342    0.0089    0.0089 |
  878.475     1     1     1.0     15  38404 |   15 13516    0.1272    0.0085    0.0085 |
  879.450     1     1     1.0     15  38419 |   15 13531    0.1269    0.0085    0.0085 |
  880.425     1     1     1.0     15  38434 |   15 13546    0.1267    0.0084    0.0084 |
  881.400     1     1     1.0     15  38449 |   15 13561    0.1284    0.0086    0.0086 |
  882.375     1     1     1.0     15  38464 |   15 13576    0.1279    0.0085    0.0085 |
  883.350     1     1     1.0     15  38479 |   15 13591    0.1279    0.0085    0.0085 |
  884.325     1     1     1.0     15  38494 |   15 13606    0.1275    0.0085    0.0085 |
  885.300     1     1     1.0     15  38509 |   15 13621    0.1269    0.0085    0.0085 |
  886.275     1     1     1.0     15  38524 |   15 13636    0.1272    0.0085    0.0085 |
  887.250     0     1     0.9     13  38537 |   15 13651    0.1196    0.0080    0.0092 |
  888.225     0     0     0.0      0  38537 |   15 13666    0.0722    0.0048    0.0000 |
  889.200     0     0     0.0      0  38537 |   15 13681    0.0719    0.0048    0.0000 |
  890.175     0     0     0.0      0  38537 |   15 13696    0.0719    0.0048    0.0000 |
  891.150     0     0     0.0      0  38537 |   15 13711    0.0719    0.0048    0.0000 |
  892.125     0     0     0.0      0  38537 |   15 13726    0.0718    0.0048    0.0000 |
  893.100     0     0     0.0      0  38537 |   15 13741    0.0725    0.0048    0.0000 |
  894.075     0     0     0.0      0  38537 |   15 13756    0.0721    0.0048    0.0000 |
  895.050     0     0     0.0      0  38537 |   15 13771    0.0722    0.0048    0.0000 |
  896.025     0     0     0.0      0  38537 |   15 13786    0.0721    0.0048    0.0000 |
  897.000     0     0     0.0      0  38537 |   15 13801    0.0722    0.0048    0.0000 |
  897.975     0     0     0.0      0  38537 |   15 13816    0.0718    0.0048    0.0000 |
  898.950     0     0     0.0      0  38537 |   15 13831    0.0724    0.0048    0.0000 |
  899.925     0     0     0.0      0  38537 |   15 13846    0.0724    0.0048    0.0000 |
  900.900     0     0     0.0      0  38537 |   15 13861    0.0721    0.0048    0.0000 |
  901.875     0     0     0.0      0  38537 |   15 13876    0.0723    0.0048    0.0000 |
  902.850     0     0     0.0      0  38537 |   15 13891    0.0724    0.0048    0.0000 |
  903.825     0     0     0.0      0  38537 |   15 13906    0.0719    0.0048    0.0000 |
  904.800     0     0     0.0      0  38537 |   15 13921    0.0717    0.0048    0.0000 |
  905.775     0     0     0.0      0  38537 |   15 13936    0.0723    0.0048    0.0000 |
  906.750     0     0     0.0      0  38537 |   15 13951    0.0725    0.0048    0.0000 |
  907.725     0     0     0.0      0  38537 |   15 13966    0.0720    0.0048    0.0000 |
  908.700     0     0     0.0      0  38537 |   15 13981    0.0725    0.0048    0.0000 |
  909.675     0     0     0.0      0  38537 |   15 13996    0.0717    0.0048    0.0000 |
  910.650     0     0     0.0      0  38537 |   15 14011    0.0721    0.0048    0.0000 |
  911.625     0     0     0.0      0  38537 |   15 14026    0.0723    0.0048    0.0000 |
  912.600     0     0     0.0      0  38537 |   15 14041    0.0723    0.0048    0.0000 |
  913.575     0     0     0.0      0  38537 |   15 14056    0.0721    0.0048    0.0000 |
  914.550     0     0     0.0      0  38537 |   15 14071    0.0722    0.0048    0.0000 |
  915.525     0     0     0.0      0  38537 |   15 14086    0.0721    0.0048    0.0000 |
  916.500     0     0     0.0      0  38537 |   15 14101    0.0724    0.0048    0.0000 |
  917.475     0     0     0.0      0  38537 |   15 14116    0.0717    0.0048    0.0000 |
  918.450     0     0     0.0      0  38537 |   15 14131    0.0723    0.0048    0.0000 |
  919.425     0     0     0.0      0  38537 |   15 14146    0.0724    0.0048    0.0000 |
  920.400     0     0     0.0      0  38537 |   15 14161    0.0720    0.0048    0.0000 |
  921.375     0     0     0.0      0  38537 |   15 14176    0.0719    0.0048    0.0000 |
  922.350     0     0     0.0      0  38537 |   15 14191    0.0723    0.0048    0.0000 |
  923.325     0     0     0.0      0  38537 |   15 14206    0.0720    0.0048    0.0000 |
  924.300     0     0     0.0      0  38537 |   15 14221    0.0721    0.0048    0.0000 |
  925.275     0     0     0.0      0  38537 |   15 14236    0.0727    0.0048    0.0000 |
  926.250     0     0     0.0      0  38537 |   15 14251    0.0724    0.0048    0.0000 |
  927.225     0     0     0.0      0  38537 |   15 14266    0.0723    0.0048    0.0000 |
  928.200     0     0     0.0      0  38537 |   15 14281    0.0722    0.0048    0.0000 |
  929.175     0     0     0.0      0  38537 |   15 14296    0.0723    0.0048    0.0000 |
  930.150     0     0     0.0      0  38537 |   15 14311    0.0719    0.0048    0.0000 |
  931.125     0     0     0.0      0  38537 |   15 14326    0.0726    0.0048    0.0000 |
  932.100     0     0     0.0      0  38537 |   15 14341    0.0721    0.0048    0.0000 |
  933.075     0     0     0.0      0  38537 |   15 14356    0.0721    0.0048    0.0000 |
  934.050     0     0     0.0      0  38537 |   15 14371    0.0722    0.0048    0.0000 |
  935.025     0     0     0.0      0  38537 |   15 14386    0.0725    0.0048    0.0000 |
  936.000     0     0     0.0      0  38537 |   15 14401    0.0720    0.0048    0.0000 |
  936.975     0     0     0.0      0  38537 |   15 14416    0.0723    0.0048    0.0000 |
  937.950     0     0     0.0      0  38537 |   15 14431    0.0725    0.0048    0.0000 |
  938.925     0     0     0.0      0  38537 |   15 14446    0.0721    0.0048    0.0000 |
  939.900     0     0     0.0      0  38537 |   15 14461    0.0725    0.0048    0.0000 |
  940.875     0     0     0.0      0  38537 |   15 14476    0.0725    0.0048    0.0000 |
  941.850     0     0     0.0      0  38537 |   15 14491    0.0720    0.0048    0.0000 |
  942.825     0     0     0.0      0  38537 |   15 14506    0.0722    0.0048    0.0000 |
  943.800     0     0     0.0      0  38537 |   15 14521    0.0725    0.0048    0.0000 |
  944.775     0     0     0.0      0  38537 |   15 14536    0.0721    0.0048    0.0000 |
  945.750     0     0     0.0      0  38537 |   15 14551    0.0722    0.0048    0.0000 |
  946.725     0     0     0.0      0  38537 |   15 14566    0.0724    0.0048    0.0000 |
  947.700     0     0     0.0      0  38537 |   15 14581    0.0726    0.0048    0.0000 |
  948.675     0     0     0.0      0  38537 |   15 14596    0.0729    0.0049    0.0000 |
  949.650     0     0     0.0      0  38537 |   15 14611    0.0735    0.0049    0.0000 |
  950.625     0     0     0.0      0  38537 |   15 14626    0.0735    0.0049    0.0000 |
  951.600     0     0     0.0      0  38537 |   15 14641    0.0731    0.0049    0.0000 |
  952.575     0     0     0.0      0  38537 |   15 14656    0.0730    0.0049    0.0000 |
  953.550     0     0     0.0      0  38537 |   15 14671    0.0737    0.0049    0.0000 |
  954.525     0     0     0.0      0  38537 |   15 14686    0.0734    0.0049    0.0000 |
  955.500     0     0     0.0      0  38537 |   15 14701    0.0731    0.0049    0.0000 |
  956.475     0     0     0.0      0  38537 |   15 14716    0.0723    0.0048    0.0000 |
  957.450     0     0     0.0      0  38537 |   15 14731    0.0731    0.0049    0.0000 |
  958.425     0     0     0.0      0  38537 |   15 14746    0.0725    0.0048    0.0000 |
  959.400     0     0     0.0      0  38537 |   15 14761    0.0725    0.0048    0.0000 |
  960.375     0     0     0.0      0  38537 |   15 14776    0.0719    0.0048    0.0000 |
  961.350     0     0     0.0      0  38537 |   15 14791    0.0726    0.0048    0.0000 |
  962.325     0     0     0.0      0  38537 |   15 14806    0.0723    0.0048    0.0000 |
  963.300     0     0     0.0      0  38537 |   15 14821    0.0730    0.0049    0.0000 |
  964.275     0     0     0.0      0  38537 |   15 14836    0.0730    0.0049    0.0000 |
  965.250     0     0     0.0      0  38537 |   15 14851    0.0728    0.0049    0.0000 |
  966.225     0     0     0.0      0  38537 |   15 14866    0.0725    0.0048    0.0000 |
  967.200     0     0     0.0      0  38537 |   15 14881    0.0735    0.0049    0.0000 |
  968.175     0     0     0.0      0  38537 |   15 14896    0.0737    0.0049    0.0000 |
  969.150     0     0     0.0      0  38537 |   15 14911    0.0726    0.0048    0.0000 |
  970.125     0     0     0.0      0  38537 |   15 14926    0.0731    0.0049    0.0000 |
  971.100     0     0     0.0      0  38537 |   15 14941    0.0730    0.0049    0.0000 |
  972.075     0     0     0.0      0  38537 |   15 14956    0.0726    0.0048    0.0000 |
  973.050     0     0     0.0      0  38537 |   15 14971    0.0724    0.0048    0.0000 |
  974.025     0     0     0.0      0  38537 |   15 14986    0.0725    0.0048    0.0000 |
  975.000     0     0     0.0      0  38537 |   15 15001    0.0732    0.0049    0.0000 |
  975.975     0     0     0.0      0  38537 |   15 15016    0.0756    0.0050    0.0000 |
  976.950     0     0     0.0      0  38537 |   15 15031    0.0740    0.0049    0.0000 |
  977.925     0     0     0.0      0  38537 |   15 15046    0.0786    0.0052    0.0000 |
  978.900     0     0     0.0      0  38537 |   15 15061    0.0804    0.0054    0.0000 |
  979.875     0     0     0.0      0  38537 |   15 15076    0.0753    0.0050    0.0000 |
  980.850     0     0     0.0      0  38537 |   15 15091    0.0743    0.0050    0.0000 |
  981.825     0     0     0.0      0  38537 |   15 15106    0.0750    0.0050    0.0000 |
  982.800     0     0     0.0      0  38537 |   15 15121    0.0744    0.0050    0.0000 |
  983.775     0     0     0.0      0  38537 |   15 15136    0.0740    0.0049    0.0000 |
  984.750     0     0     0.0      0  38537 |   15 15151    0.0742    0.0049    0.0000 |
  985.725     0     0     0.0      0  38537 |   15 15166    0.0741    0.0049    0.0000 |
  986.700     0     0     0.0      0  38537 |   15 15181    0.0728    0.0049    0.0000 |
  987.675     0     0     0.0      0  38537 |   15 15196    0.0728    0.0049    0.0000 |
  988.650     0     0     0.0      0  38537 |   15 15211    0.0732    0.0049    0.0000 |
  989.625     0     0     0.0      0  38537 |   15 15226    0.0739    0.0049    0.0000 |
  990.600     0     0     0.0      0  38537 |   15 15241    0.0763    0.0051    0.0000 |
  991.575     0     0     0.0      0  38537 |   15 15256    0.0749    0.0050    0.0000 |
  992.550     0     0     0.0      0  38537 |   15 15271    0.0745    0.0050    0.0000 |
  993.525     0     0     0.0      0  38537 |   15 15286    0.0744    0.0050    0.0000 |
  994.500     0     0     0.0      0  38537 |   15 15301    0.0753    0.0050    0.0000 |
  995.475     0     0     0.0      0  38537 |   15 15316    0.0748    0.0050    0.0000 |
  996.450     0     0     0.0      0  38537 |   15 15331    0.0743    0.0050    0.0000 |
  997.425     0     0     0.0      0  38537 |   15 15346    0.0744    0.0050    0.0000 |
  998.400     0     0     0.0      0  38537 |   15 15361    0.0743    0.0050    0.0000 |
  999.375     0     0     0.0      0  38537 |   15 15376    0.0736    0.0049    0.0000 |
